3	3	4	1
6
600	1	10	10      6
10
2	1	70	30	6	(215,20),(363,19),(375,20),(511,10),(617,6),(828,11)
2	2	80	28	7	(19,11),(151,10),(263,17),(283,7),(304,14),(309,18),(405,10)
6	3	29	60	8	(114,13),(191,11),(259,8),(366,9),(433,18),(476,8),(575,17),(644,7)
12	4	40	55	1	(117,12)
12	5	58	102	5	(64,13),(85,16),(235,7),(451,20),(460,16)
13	6	32	40	8	(16,18),(24,7),(42,14),(64,14),(94,6),(94,13),(99,16),(126,19)
14	7	27	74	1	(75,20)
21	8	67	159	10	(102,8),(193,20),(437,9),(665,16),(895,14),(1143,16),(1393,9),(1494,7),(1541,19),(1798,15)
22	9	24	196	8	(144,19),(324,13),(466,13),(587,17),(781,8),(835,12),(929,17),(941,5)
22	10	71	205	2	(216,16),(290,19)
22	11	16	206	3	(1,20),(189,20),(271,11)
21	12	55	138	9	(11,20),(83,5),(141,16),(273,13),(396,7),(479,17),(480,17),(540,12),(794,15)
9	13	79	45	5	(5,5),(49,12),(51,12),(125,6),(141,13)
6	14	38	155	1	(110,14)
2	15	94	97	6	(1,10),(67,18),(73,9),(86,12),(108,17),(121,7)
10	16	73	160	4	(126,7),(264,20),(424,8),(523,15)
11	17	66	84	7	(38,15),(100,8),(122,9),(151,15),(175,12),(190,7),(213,5)
16	18	59	132	9	(129,20),(159,14),(227,9),(247,10),(370,5),(598,13),(723,20),(978,11),(997,5)
20	19	88	140	1	(63,10)
25	20	18	166	4	(74,18),(140,17),(223,20),(236,8)
3	21	76	231	6	(66,10),(148,16),(229,10),(294,8),(440,6),(518,10)
7	22	40	82	8	(34,6),(67,12),(86,5),(105,18),(132,20),(161,5),(190,20),(218,6)
12	23	56	101	5	(49,20),(81,20),(120,5),(142,16),(166,9)
19	24	67	323	6	(57,16),(283,6),(410,17),(538,18),(552,14),(720,20)
17	25	26	184	0	
4	26	42	200	3	(91,13),(198,7),(276,17)
1	27	2	144	2	(81,7),(124,19)


117	49
209	471
217	225
250	378
250	148
352	472
360	78
478	322