TT	PID	AT	CT	IO_D	WT	RT	TRT
106	5	24	70	10	12	1	82
232	7	32	39	5	161	1	200
248	4	23	147	13	78	30	225
265	401	12	252	0	1	1	253
314	20	69	105	19	140	107	245
333	14	55	223	0	55	5	278
363	30	109	27	12	227	139	254
388	411	308	69	0	11	11	80
417	6	26	295	8	96	15	391
419	407	295	111	0	13	5	124
433	18	65	128	6	240	3	368
517	28	104	236	0	177	158	413
617	8	36	251	19	330	52	581
630	17	64	57	14	509	250	566
644	42	147	29	17	468	254	497
673	12	48	63	8	562	226	625
709	24	87	116	16	506	1	622
716	13	48	62	15	606	1	668
748	31	112	30	7	606	155	636
777	9	37	129	25	611	1	740
807	430	651	136	0	20	16	156
844	49	161	20	20	663	488	683
993	15	55	297	16	641	545	938
1045	2	13	180	20	852	1	1032
1125	27	100	39	6	986	721	1025
1141	441	929	206	0	6	2	212
1184	16	61	189	6	934	319	1123
1203	22	73	242	10	888	225	1130
1232	19	65	122	20	1045	54	1167
1320	46	159	61	10	1100	86	1161
1399	34	119	206	18	1074	157	1280
1414	51	168	52	20	1194	541	1246
1446	459	1305	115	0	26	26	141
1473	53	175	105	9	1193	62	1298
1521	1	6	258	28	1257	1	1515
1602	106	361	51	19	1190	36	1241
1717	11	42	186	10	1489	874	1675
1790	41	141	140	16	1509	700	1649
1794	440	918	271	0	605	602	876
1800	470	1549	247	0	4	0	251
1837	67	235	18	0	1584	227	1602
1857	40	135	220	27	1502	600	1722
1879	29	109	145	15	1625	731	1770
1891	32	119	76	5	1696	760	1772
1948	55	185	270	5	1493	220	1763
2091	58	200	141	19	1750	335	1891
2111	52	173	160	18	1778	664	1938
2185	48	161	98	17	1926	19	2024
2216	56	192	206	8	1818	49	2024
2232	486	1927	267	0	38	26	305
2264	100	349	19	13	1896	1	1915
2370	38	132	145	24	2093	76	2238
2401	23	80	267	34	2054	522	2321
2493	501	2279	176	0	38	30	214
2512	62	221	140	12	2151	423	2291
2566	37	125	246	14	2195	144	2441
2624	60	211	86	11	2327	907	2413
2712	494	2042	231	0	439	440	670
2772	54	178	142	7	2452	671	2594
2782	3	18	227	8	2537	14	2764
2782	79	278	16	9	2488	609	2504
2799	530	2714	59	0	26	22	85
2842	10	37	211	18	2594	280	2805
2882	543	2857	20	0	5	1	25
2901	21	73	243	14	2585	1208	2828
2909	57	194	134	0	2581	71	2715
2921	159	533	39	14	2349	460	2388
2945	50	163	204	0	2578	503	2782
3029	76	270	71	5	2688	37	2759
3031	90	316	19	0	2696	103	2715
3061	547	2902	158	0	1	1	159
3062	45	154	186	19	2722	1213	2908
3121	112	386	129	0	2606	38	2735
3184	35	121	202	17	2861	19	3063
3186	59	206	54	9	2926	1459	2980
3247	61	216	136	7	2895	183	3031
3312	74	261	73	10	2978	8	3051
3358	73	261	204	15	2893	4	3097
3371	557	3076	264	0	31	15	295
3392	70	249	122	20	3021	172	3143
3404	513	2419	267	0	718	58	985
3443	36	123	217	20	3103	49	3320
3509	26	100	223	30	3186	291	3409
3510	66	233	131	15	3146	170	3277
3567	69	244	199	31	3124	35	3323
3652	574	3447	196	0	9	1	205
3745	110	380	34	20	3331	32	3365
3747	108	374	86	15	3287	1	3373
3758	148	499	26	0	3233	645	3259
3798	33	119	263	35	3416	33	3679
3831	560	3106	248	0	477	453	725
3888	65	229	268	12	3391	52	3659
3923	82	291	161	6	3471	583	3632
3934	44	148	274	12	3512	124	3786
3962	64	222	104	8	3636	920	3740
3971	93	319	25	5	3627	90	3652
4041	81	288	78	6	3675	45	3753
4094	43	147	262	25	3685	21	3947
4167	497	2200	274	0	1693	51	1967
4172	614	3956	207	0	9	1	216
4288	39	133	296	13	3859	432	4155
4381	97	332	141	5	3908	79	4049
4392	91	317	274	8	3801	162	4075
4432	85	301	112	28	4019	171	4131
4485	107	368	51	14	4066	456	4117
4503	92	319	177	37	4007	843	4184
4515	104	354	33	6	4128	3	4161
4524	68	242	201	19	4081	31	4282
4565	75	265	148	7	4152	152	4300
4603	635	4357	233	0	13	1	246
4631	653	4605	25	0	1	1	26
4631	652	4594	36	0	1	1	37
4789	25	93	292	11	4404	11	4696
4843	83	297	251	10	4295	447	4546
4882	101	350	230	0	4302	1758	4532
4885	80	285	221	20	4379	341	4600
4920	665	4784	100	0	36	16	136
4954	102	351	30	5	4573	1204	4603
4992	47	160	285	36	4547	117	4832
5001	96	326	197	26	4478	98	4675
5107	94	319	116	18	4672	557	4788
5110	114	387	176	6	4547	247	4723
5120	98	338	272	21	4510	451	4782
5182	103	353	184	9	4645	36	4829
5183	133	443	38	11	4702	458	4740
5189	681	4938	215	0	36	32	251
5216	678	4903	278	0	35	27	313
5259	111	381	49	7	4829	1522	4878
5296	691	5264	31	0	1	1	32
5330	87	306	265	20	4759	35	5024
5338	590	3662	271	0	1405	1394	1676
5378	63	221	197	18	4960	1317	5157
5387	86	305	198	5	4884	1486	5082
5460	122	402	199	17	4859	42	5058
5540	697	5343	191	0	6	2	197
5542	88	308	179	17	5055	504	5234
5570	84	301	92	22	5177	215	5269
5573	109	380	108	19	5085	28	5193
5599	243	788	265	39	4546	68	4811
5611	126	409	155	11	5047	489	5202
5622	120	397	168	18	5057	990	5225
5710	117	392	204	10	5114	40	5318
5727	701	5570	118	0	39	35	157
5787	566	3282	262	0	2243	1416	2505
5813	637	4376	214	0	1223	61	1437
5823	121	400	88	7	5335	497	5423
5921	116	388	105	16	5428	1106	5533
5931	687	5226	181	0	524	516	705
5946	140	470	53	6	5423	30	5476
5993	123	405	282	18	5306	602	5588
5996	710	5734	234	0	28	4	262
6013	138	463	60	16	5490	1546	5550
6020	188	631	237	0	5152	237	5389
6062	72	254	205	19	5603	210	5808
6066	78	275	217	14	5574	34	5791
6067	128	416	139	13	5512	44	5651
6095	129	421	240	7	5434	269	5674
6146	105	360	251	11	5535	9	5786
6169	723	6029	139	0	1	1	140
6220	118	392	268	17	5560	1535	5828
6246	137	460	243	38	5543	1359	5786
6296	95	320	232	0	5744	899	5976
6303	113	386	117	0	5800	261	5917
6312	144	488	205	12	5619	6	5824
6320	480	1819	228	0	4273	55	4501
6333	162	546	76	0	5711	146	5787
6334	136	458	299	18	5577	376	5876
6386	115	387	221	10	5778	483	5999
6389	164	552	11	28	5826	1359	5837
6395	71	251	292	19	5852	30	6144
6445	700	5566	60	0	819	149	879
6539	572	3389	226	0	2924	386	3150
6541	130	427	291	5	5823	1244	6114
6559	163	550	26	30	5983	691	6009
6586	738	6356	208	0	22	2	230
6622	77	273	229	34	6120	5	6349
6623	134	448	265	9	5910	414	6175
6649	165	553	88	11	6008	1606	6096
6662	119	396	168	22	6098	1131	6266
6749	135	451	270	0	6028	494	6298
6769	132	436	251	11	6082	30	6333
6782	217	718	15	9	6049	1404	6064
6819	171	577	70	8	6172	1	6242
6821	156	522	189	20	6110	279	6299
6834	197	662	23	0	6149	1639	6172
6904	89	311	275	20	6318	1889	6593
6936	753	6673	251	0	12	4	263
6967	158	529	96	8	6342	371	6438
6994	150	506	107	14	6381	342	6488
7007	282	912	19	17	6076	16	6095
7027	166	560	89	0	6378	1323	6467
7043	147	496	96	24	6451	1355	6547
7149	145	489	138	11	6522	1440	6660
7162	142	474	285	8	6403	136	6688
7165	773	6971	181	0	13	1	194
7192	160	534	177	7	6481	845	6658
7361	99	345	261	29	6755	95	7016
7385	744	6526	262	0	597	590	859
7445	752	6666	241	0	538	522	779
7449	220	722	45	16	6682	230	6727
7460	181	603	95	11	6762	215	6857
7543	626	4237	187	0	3119	1411	3306
7605	712	5757	218	0	1630	169	1848
7666	152	510	167	16	6989	1027	7156
7668	125	408	213	16	7047	1255	7260
7728	176	588	57	6	7083	372	7140
7734	815	7584	115	0	35	23	150
7740	318	1043	10	20	6687	2	6697
7782	149	499	232	11	7051	1364	7283
7797	814	7566	193	0	38	26	231
7823	161	540	73	7	7210	359	7283
7828	169	566	121	17	7141	2866	7262
7849	131	432	178	18	7239	1	7417
7908	168	566	82	5	7260	963	7342
7912	124	407	250	9	7255	451	7505
7939	179	602	38	18	7299	2008	7337
7965	172	584	203	11	7178	6	7381
8017	640	4417	280	0	3320	247	3600
8032	155	519	218	19	7295	1400	7513
8042	823	7802	205	0	35	31	240
8054	207	696	20	40	7338	2	7358
8094	226	732	26	8	7336	98	7362
8220	139	468	254	13	7498	396	7752
8283	146	490	207	25	7586	318	7793
8291	496	2128	276	0	5887	344	6163
8320	840	8193	123	0	4	0	127
8334	185	616	188	10	7530	567	7718
8337	143	481	244	31	7612	169	7856
8428	844	8299	99	0	30	22	129
8468	191	640	79	6	7749	1251	7828
8516	186	621	191	13	7704	280	7895
8590	182	605	138	8	7847	54	7985
8598	339	1117	25	5	7456	1377	7481
8607	151	510	187	0	7910	300	8097
8675	856	8546	120	0	9	1	129
8689	189	633	99	18	7957	2492	8056
8691	167	560	220	17	7911	968	8131
8762	866	8676	62	0	24	16	86
8764	153	516	242	13	8006	182	8248
8831	173	586	88	13	8157	12	8245
8840	183	610	214	16	8016	2598	8230
8877	192	643	68	17	8166	1708	8234
8926	222	726	37	6	8163	759	8200
8941	832	8071	104	0	766	376	870
8954	201	672	279	13	8003	233	8282
8994	862	8612	253	0	129	106	382
9054	180	603	292	8	8159	55	8451
9070	178	596	228	9	8246	100	8474
9071	219	722	86	20	8263	240	8349
9082	196	655	31	16	8396	1184	8427
9146	887	8950	180	0	16	4	196
9154	127	411	261	26	8482	737	8743
9216	177	590	169	17	8457	312	8626
9230	141	471	218	6	8541	33	8759
9242	193	649	270	17	8323	99	8593
9258	216	717	14	20	8527	1507	8541
9262	780	7171	243	0	1848	105	2091
9338	237	773	32	18	8533	1	8565
9375	190	633	149	8	8593	824	8742
9410	224	730	29	15	8651	1314	8680
9419	198	663	223	0	8533	37	8756
9462	905	9209	248	0	5	1	253
9467	154	516	255	14	8696	86	8951
9515	910	9467	48	0	0	0	48
9532	721	5984	256	0	3292	3281	3548
9535	347	1151	19	0	8365	654	8384
9559	208	697	135	0	8727	4	8862
9667	215	715	122	15	8830	835	8952
9680	202	679	257	18	8744	804	9001
9713	187	626	180	6	8907	218	9087
9757	218	720	199	18	8838	1806	9037
9796	204	685	107	5	9004	218	9111
9808	184	614	296	30	8898	571	9194
9826	200	671	156	29	8999	2	9155
9826	157	529	203	8	9094	231	9297
9858	924	9620	210	0	28	20	238
9919	280	906	34	34	8979	668	9013
9939	170	572	260	9	9107	332	9367
9978	455	1211	260	0	8507	1264	8767
10005	228	736	148	10	9121	4	9269
10052	210	699	130	18	9223	14	9353
10053	907	9225	231	0	597	407	828
10065	205	689	163	14	9213	253	9376
10070	244	791	33	0	9246	173	9279
10071	229	743	89	10	9239	14	9328
10121	199	668	165	6	9288	723	9453
10222	912	9477	102	0	643	81	745
10260	174	587	273	15	9400	944	9673
10270	693	5298	208	0	4764	1348	4972
10273	648	4516	245	0	5512	379	5757
10323	233	760	233	17	9330	1118	9563
10362	785	7268	106	0	2988	2333	3094
10371	236	766	83	0	9522	142	9605
10459	211	699	227	0	9533	18	9760
10476	259	840	21	18	9615	609	9636
10492	958	10310	153	0	29	21	182
10526	175	588	258	14	9680	336	9938
10538	269	873	91	20	9574	1416	9665
10566	221	724	297	15	9545	1328	9842
10603	956	10285	220	0	98	86	318
10671	238	775	153	17	9743	2	9896
10677	239	780	152	18	9745	1241	9897
10805	938	9925	190	0	690	678	880
10822	242	785	237	5	9800	584	10037
10837	659	4706	264	0	5867	921	6131
10859	241	785	81	6	9993	93	10074
10864	262	851	142	17	9871	774	10013
10872	986	10686	181	0	5	1	186
10872	984	10674	194	0	4	0	198
10968	250	814	62	10	10092	691	10154
10989	734	6258	163	0	4568	1540	4731
11073	257	836	50	5	10187	361	10237
11088	796	7344	246	0	3498	54	3744
11131	258	839	120	6	10172	776	10292
11147	194	649	229	18	10269	2035	10498
11187	212	704	261	10	10222	21	10483
11251	946	10081	100	0	1070	1066	1170
11262	245	794	251	25	10217	657	10468
11331	268	866	134	6	10331	599	10465
11338	453	1183	263	0	9892	947	10155
11428	1009	11192	220	0	16	4	236
11468	231	748	210	29	10510	1898	10720
11473	214	714	269	17	10490	118	10759
11497	209	699	265	16	10533	10	10798
11498	253	826	208	18	10464	100	10672
11498	949	10135	5	0	1358	134	1363
11569	948	10133	72	0	1364	922	1436
11598	452	1171	275	0	10152	1453	10427
11687	288	942	56	16	10689	257	10745
11752	1022	11517	220	0	15	3	235
11788	970	10420	144	0	1224	1220	1368
11799	203	682	272	8	10845	811	11117
11820	265	864	54	17	10902	981	10956
11844	950	10143	239	0	1462	228	1701
11863	1000	11063	6	0	794	794	800
11880	1038	11800	66	0	14	2	80
11903	289	946	236	9	10721	87	10957
11912	273	877	45	17	10990	2213	11035
11943	249	812	104	6	11027	1421	11131
11974	1044	11934	21	0	19	19	40
11974	206	691	253	5	11030	1925	11283
12001	1045	11941	25	0	35	31	60
12029	278	893	63	16	11073	16	11136
12065	977	10510	169	0	1386	405	1555
12097	940	9967	246	0	1884	74	2130
12146	225	731	238	13	11177	2120	11415
12229	900	9148	88	0	2993	1417	3081
12230	286	933	13	19	11284	899	11297
12231	290	950	16	0	11265	1397	11281
12232	305	994	21	9	11217	21	11238
12233	291	955	230	19	11048	210	11278
12262	223	727	270	38	11265	1899	11535
12310	195	653	296	9	11361	173	11657
12311	1033	11716	199	0	396	68	595
12336	270	873	197	6	11266	1446	11463
12337	304	988	15	11	11334	9	11349
12369	276	881	47	14	11441	540	11488
12374	263	854	147	14	11373	813	11520
12438	235	763	179	13	11496	828	11675
12559	883	8892	125	0	3542	64	3667
12560	921	9562	4	0	2994	950	2998
12586	649	4538	251	0	7797	122	8048
12603	246	800	142	20	11661	770	11803
12607	1065	12347	220	0	40	24	260
12661	919	9519	94	0	3048	570	3142
12679	261	849	243	9	11587	717	11830
12733	251	820	105	16	11808	41	11913
12814	275	881	154	9	11779	68	11933
12827	847	8337	234	0	4256	283	4490
12839	271	873	166	46	11800	612	11966
12843	230	745	253	20	11845	2405	12098
12882	293	957	61	9	11864	4	11925
12909	213	708	257	17	11944	446	12201
12980	1090	12803	171	0	6	2	177
13081	509	2387	267	0	10427	111	10694
13087	227	735	224	14	12128	1	12352
13111	248	808	294	24	12009	1	12303
13149	1069	12374	216	0	559	543	775
13154	267	866	78	11	12210	1369	12288
13184	260	845	85	23	12254	2788	12339
13199	264	861	153	11	12185	1104	12338
13314	525	2628	261	0	10425	46	10686
13349	232	753	274	13	12322	450	12596
13358	254	829	295	17	12234	1063	12529
13364	284	923	156	5	12285	316	12441
13365	366	1212	37	0	12116	5	12153
13411	328	1084	102	7	12225	1249	12327
13415	255	833	288	37	12294	133	12582
13445	283	919	266	49	12260	1801	12526
13453	1118	13176	237	0	40	24	277
13467	256	835	214	0	12418	1420	12632
13558	609	3928	259	0	9371	127	9630
13638	274	877	207	18	12554	1655	12761
13673	285	929	290	0	12454	276	12744
13707	240	780	212	8	12715	153	12927
13776	1145	13619	152	0	5	1	157
13804	309	1009	105	31	12690	1800	12795
13807	1004	11130	242	0	2435	73	2677
13909	1059	12255	231	0	1423	200	1654
13910	334	1099	27	20	12784	1791	12811
13983	612	3940	230	0	9813	293	10043
14010	296	970	81	17	12959	864	13040
14013	1122	13216	236	0	561	557	797
14030	317	1042	82	5	12906	1481	12988
14056	272	876	205	6	12975	585	13180
14059	1161	13889	157	0	13	1	170
14064	287	939	237	24	12888	302	13125
14153	294	962	148	0	13043	1118	13191
14206	929	9688	228	0	4290	261	4518
14279	279	900	279	8	13100	58	13379
14287	234	760	257	15	13270	720	13527
14345	1020	11498	193	0	2654	239	2847
14386	343	1137	32	20	13217	574	13249
14396	316	1035	286	9	13075	644	13361
14474	1180	14317	144	0	13	1	157
14513	1005	11135	224	0	3154	2022	3378
14519	1078	12681	164	0	1674	424	1838
14520	959	10321	246	0	3953	772	4199
14580	312	1017	155	0	13408	220	13563
14581	306	1000	123	7	13458	1236	13581
14667	281	911	183	16	13573	460	13756
14675	319	1045	271	12	13359	2	13630
14678	308	1003	266	0	13409	204	13675
14704	1179	14291	22	0	391	387	413
14724	310	1011	148	13	13565	861	13713
14759	298	977	184	34	13598	1687	13782
14767	939	9965	252	0	4550	493	4802
14769	297	972	157	29	13640	1570	13797
14893	1200	14795	66	0	32	20	98
14898	1192	14631	215	0	52	44	267
14941	295	969	253	0	13719	2170	13972
14942	333	1095	56	0	13791	852	13847
14951	990	10895	59	0	3997	248	4056
14962	301	985	215	13	13762	1631	13977
14980	1210	14966	14	0	0	0	14
14981	1208	14926	20	0	35	35	55
14982	327	1081	270	11	13631	554	13901
15008	704	5597	258	0	9153	1787	9411
15039	277	887	210	0	13942	87	14152
15050	1110	13098	69	0	1883	362	1952
15057	302	986	108	16	13963	3	14071
15112	1157	13847	147	0	1118	178	1265
15127	292	955	63	18	14109	1787	14172
15172	266	866	191	19	14115	1367	14306
15216	1221	15085	126	0	5	1	131
15222	252	820	259	0	14143	45	14402
15246	611	3936	252	0	11058	419	11310
15250	1109	13081	213	0	1956	418	2169
15269	247	801	239	11	14229	3230	14468
15350	324	1068	132	14	14150	1263	14282
15439	300	980	103	7	14356	183	14459
15457	1245	15362	63	0	32	32	95
15472	1048	11975	223	0	3274	284	3497
15474	368	1217	30	6	14227	1026	14257
15475	1238	15307	158	0	10	2	168
15479	1087	12791	223	0	2465	258	2688
15502	311	1016	264	20	14222	699	14486
15510	338	1113	41	21	14356	380	14397
15584	1172	14178	171	0	1235	109	1406
15590	360	1194	275	19	14121	320	14396
15591	342	1133	78	8	14380	44	14458
15649	322	1057	139	8	14453	402	14592
15660	1249	15490	157	0	13	1	170
15728	679	4913	257	0	10558	1071	10815
15762	1030	11694	169	0	3899	1530	4068
15798	980	10551	153	0	5094	1750	5247
15841	313	1024	165	21	14652	185	14817
15845	321	1055	89	15	14701	854	14790
15856	332	1095	143	26	14618	420	14761
15885	776	6997	230	0	8658	297	8888
15948	1158	13855	67	0	2026	233	2093
15957	1241	15329	221	0	407	400	628
15966	1220	15062	119	0	785	240	904
15985	357	1186	68	6	14731	1695	14799
16022	307	1003	140	12	14879	1242	15019
16120	1279	15920	190	0	10	2	200
16120	303	986	193	33	14941	7	15134
16133	1144	13585	177	0	2371	444	2548
16175	326	1077	243	0	14855	1737	15098
16180	314	1027	194	20	14959	768	15153
16202	323	1062	170	17	14970	755	15140
16213	346	1147	103	10	14963	506	15066
16233	1168	14114	228	0	1891	116	2119
16337	367	1216	237	5	14884	5	15121
16346	1053	12037	179	0	4130	255	4309
16349	1300	16213	120	0	16	4	136
16384	330	1088	190	12	15106	1467	15296
16391	1163	13896	150	0	2345	1527	2495
16458	861	8608	230	0	7620	286	7850
16461	1257	15613	30	0	818	818	848
16465	355	1178	123	29	15164	2738	15287
16535	1263	15673	67	0	795	462	862
16567	377	1264	34	0	15269	160	15303
16598	299	980	195	9	15423	2422	15618
16601	1316	16514	82	0	5	1	87
16621	1255	15557	150	0	914	185	1064
16649	794	7336	220	0	9093	865	9313
16769	1266	15726	148	0	895	895	1043
16788	1102	12991	192	0	3605	372	3797
16845	337	1106	155	17	15584	2812	15739
16877	962	10338	237	0	6302	1766	6539
16897	998	11023	123	0	5751	244	5874
16899	363	1204	50	10	15645	864	15695
16911	394	1333	36	18	15542	1761	15578
16940	1327	16700	224	0	16	4	240
16968	1334	16930	21	0	17	17	38
16973	325	1072	214	30	15687	95	15901
17022	353	1174	211	17	15637	572	15848
17032	340	1123	300	17	15609	627	15909
17045	350	1165	281	6	15599	1	15880
17061	1302	16225	29	0	807	807	836
17108	923	9592	245	0	7271	771	7516
17216	1318	16530	187	0	499	140	686
17230	1272	15776	17	0	1437	610	1454
17232	361	1198	139	15	15895	1426	16034
17252	1295	16105	179	0	968	956	1147
17258	1345	17116	115	0	27	23	142
17261	1351	17168	61	0	32	32	93
17338	1268	15756	109	0	1473	929	1582
17397	356	1180	185	0	16032	371	16217
17414	1354	17190	154	0	70	62	224
17429	1325	16678	206	0	545	220	751
17436	320	1050	194	17	16192	1307	16386
17518	1260	15650	124	0	1744	376	1868
17528	358	1187	247	17	16094	1881	16341
17556	1364	17348	180	0	28	8	208
17564	315	1034	298	21	16232	138	16530
17597	345	1145	99	27	16353	56	16452
17622	349	1160	248	14	16214	389	16462
17654	364	1209	88	0	16357	349	16445
17655	1108	13071	237	0	4347	145	4584
17655	384	1292	10	25	16353	343	16363
17692	362	1201	209	14	16282	438	16491
17738	375	1252	295	13	16191	79	16486
17739	381	1278	31	8	16430	576	16461
17764	354	1177	270	11	16317	542	16587
17804	378	1266	114	0	16424	137	16538
17844	1317	16516	80	0	1248	955	1328
17853	399	1348	12	14	16493	2124	16505
17887	502	2283	259	0	15345	654	15604
17895	893	8998	207	0	8690	501	8897
17900	373	1239	184	19	16477	1204	16661
17937	385	1297	75	17	16565	2403	16640
17945	341	1129	235	0	16581	2127	16816
17957	1388	17755	197	0	5	1	202
18019	1189	14575	148	0	3296	103	3444
18088	372	1232	148	17	16708	3408	16856
18108	1358	17278	221	0	609	610	830
18182	1401	18059	113	0	10	2	123
18226	386	1298	60	10	16868	1416	16928
18231	329	1084	201	11	16946	1251	17147
18238	365	1211	176	0	16851	596	17027
18250	1001	11081	233	0	6936	372	7169
18264	379	1271	220	15	16773	102	16993
18298	359	1193	248	9	16857	941	17105
18353	352	1172	106	11	17075	425	17181
18354	476	1715	263	0	16376	1920	16639
18442	344	1143	133	10	17166	74	17299
18463	1333	16928	163	0	1372	172	1535
18471	370	1224	119	20	17128	231	17247
18508	351	1167	248	17	17093	200	17341
18548	1417	18311	219	0	18	2	237
18555	391	1324	132	5	17099	179	17231
18579	392	1329	266	8	16984	531	17250
18581	1227	15194	228	0	3159	45	3387
18581	1415	18302	2	0	277	277	279
18621	1433	18518	67	0	36	36	103
18628	374	1246	268	6	17114	1227	17382
18635	1431	18473	127	0	35	35	162
18710	1438	18567	107	0	36	32	143
18750	957	10288	173	0	8289	1069	8462
18758	1409	18183	115	0	460	333	575
18772	1297	16139	132	0	2501	88	2633
18785	369	1220	169	14	17396	1538	17565
18804	1395	17867	203	0	734	714	937
18815	1223	15095	31	0	3689	46	3720
18848	1267	15746	42	0	3060	1045	3102
18913	380	1275	174	20	17464	108	17638
18938	396	1334	132	19	17472	754	17604
18958	1449	18773	145	0	40	32	185
18969	750	6642	250	0	12077	744	12327
19008	331	1093	245	19	17670	763	17915
19052	1464	18999	16	0	37	33	53
19065	348	1156	270	11	17639	325	17909
19087	382	1283	227	5	17577	1650	17804
19104	335	1106	274	20	17724	1147	17998
19174	336	1106	294	20	17774	229	18068
19187	763	6807	224	0	12156	1288	12380
19225	1466	19015	208	0	2	2	210
19228	1463	18977	36	0	215	68	251
19269	383	1286	231	14	17752	1273	17983
19289	395	1333	234	22	17722	844	17956
19372	1459	18957	137	0	278	60	415
19376	1428	18430	91	0	855	351	946
19377	1371	17465	2	0	1910	300	1912
19404	389	1311	201	11	17892	1030	18093
19416	387	1303	117	36	17996	1	18113
19417	559	3097	257	0	16063	646	16320
19460	1134	13499	102	0	5859	290	5961
19469	371	1226	269	18	17974	1111	18243
19497	376	1259	275	13	17963	2	18238
19555	1480	19363	174	0	18	6	192
19588	1365	17359	211	0	2018	173	2229
19609	1429	18434	25	0	1150	454	1175
19632	633	4329	242	0	15061	463	15303
19664	1407	18101	188	0	1375	1000	1563
19734	1477	19309	125	0	300	300	425
19774	897	9098	218	0	10458	536	10676
19802	1486	19582	190	0	30	10	220
19845	398	1342	264	19	18239	754	18503
19856	745	6548	254	0	13054	702	13308
19937	1484	19401	197	0	339	64	536
19953	1202	14811	172	0	4970	411	5142
20006	393	1331	211	15	18464	1283	18675
20015	1481	19380	162	0	473	465	635
20077	449	1058	259	0	18760	629	19019
20090	390	1318	163	7	18609	1	18772
20095	397	1337	265	14	18493	3266	18758
20126	1496	19823	177	0	126	114	303
20173	1197	14745	56	0	5372	89	5428
20179	1490	19647	206	0	326	32	532
20184	1510	20123	11	0	50	50	61
20217	1494	19817	186	0	214	198	400
20232	400	1349	220	32	18663	896	18883
20289	1472	19202	97	0	990	982	1087
20302	904	9201	236	0	10865	1211	11101
20303	1507	20085	206	0	12	4	218
20352	1505	19952	49	0	351	351	400
20383	1504	19914	28	0	441	62	469
20401	388	1307	197	13	18897	1736	19094
20422	1487	19586	194	0	642	53	836
20460	1506	19982	168	0	310	119	478
20532	1423	18398	214	0	1920	321	2134
20567	1518	20344	158	0	65	57	223
20585	1322	16648	123	0	3814	3416	3937
20608	1512	20175	178	0	255	247	433
20665	1516	20288	53	0	324	320	377
20729	1503	19902	144	0	683	602	827
20746	1521	20420	172	0	154	50	326
20749	1448	18741	217	0	1791	496	2008
20764	1539	20756	8	0	0	0	8
20765	1537	20743	21	0	1	1	22
20839	1530	20561	166	0	112	104	278
20841	1089	12795	41	0	8005	322	8046
20892	1532	20568	147	0	177	42	324
20924	1524	20496	187	0	241	233	428
20931	1542	20798	132	0	1	1	133
20981	741	6414	245	0	14322	333	14567
21000	1540	20769	108	0	123	123	231
21003	1088	12795	175	0	8033	579	8208
21108	1346	17144	111	0	3853	275	3964
21128	1534	20655	129	0	344	58	473
21138	1228	15204	217	0	5717	1771	5934
21150	1549	20982	152	0	16	4	168
21156	1445	18722	34	0	2400	591	2434
21162	1099	12975	195	0	7992	998	8187
21196	1441	18619	86	0	2491	2173	2577
21212	1435	18546	58	0	2608	257	2666
21322	1522	20432	169	0	721	182	890
21355	1552	20990	147	0	218	206	365
21395	1369	17379	182	0	3834	818	4016
21398	954	10211	226	0	10961	2864	11187
21471	1397	17909	160	0	3402	429	3562
21557	1553	21143	194	0	220	212	414
21573	1557	21199	174	0	200	196	374
21583	1566	21325	104	0	154	146	258
21627	873	8757	238	0	12632	235	12870
21639	1573	21447	187	0	5	1	192
21659	1072	12459	109	0	9091	270	9200
21717	1569	21365	118	0	234	218	352
21758	1567	21343	95	0	320	316	415
21834	683	4945	262	0	16627	353	16889
21852	1218	15057	216	0	6579	1405	6795
21866	1585	21693	108	0	65	65	173
21920	1457	18886	203	0	2831	425	3034
21929	1598	21894	21	0	14	14	35
21955	1119	13187	115	0	8653	101	8768
21990	1170	14149	174	0	7667	214	7841
21999	1597	21870	40	0	89	85	129
22008	1588	21733	76	0	199	199	275
22029	1579	21613	161	0	255	239	416
22082	1599	21898	79	0	105	101	184
22125	1467	19023	128	0	2974	68	3102
22140	1606	22042	89	0	9	1	98
22152	1608	22052	27	0	73	73	100
22176	1586	21709	144	0	323	83	467
22210	983	10662	243	0	11305	378	11548
22229	1620	22205	23	0	1	1	24
22230	1565	21323	77	0	830	118	907
22234	1584	21684	149	0	401	128	550
22297	1613	22126	55	0	116	108	171
22307	1603	21952	131	0	224	224	355
22310	1619	22187	80	0	43	43	123
22419	1628	22262	118	0	39	35	157
22427	1060	12259	222	0	9946	235	10168
22467	1631	22277	162	0	28	20	190
22493	1515	20256	189	0	2048	906	2237
22501	1617	22173	179	0	149	137	328
22586	1616	22166	163	0	257	253	420
22613	1641	22414	120	0	79	79	199
22654	1042	11866	242	0	10546	41	10788
22681	1640	22402	172	0	107	99	279
22708	1632	22285	114	0	309	241	423
22773	1581	21658	59	0	1056	509	1115
22775	1638	22334	87	0	354	244	441
22781	1634	22298	160	0	323	315	483
22793	1206	14840	44	0	7909	316	7953
22806	1653	22632	152	0	22	22	174
22827	1630	22274	171	0	382	74	553
22868	1652	22618	83	0	167	163	250
22965	1659	22688	178	0	99	87	277
22986	1656	22680	185	0	121	113	306
22994	997	11021	80	0	11893	294	11973
23042	1501	19884	213	0	2945	1253	3158
23054	1666	22868	64	0	122	118	186
23055	1564	21317	79	0	1659	137	1738
23075	1670	22929	133	0	13	1	146
23082	1658	22686	198	0	198	182	396
23084	1677	22979	2	0	103	103	105
23137	1686	23111	20	0	6	6	26
23226	1662	22822	127	0	277	74	404
23254	1669	22898	167	0	189	177	356
23257	1514	20254	197	0	2806	150	3003
23259	1595	21858	210	0	1191	295	1401
23282	1692	23163	25	0	94	94	119
23350	1684	23098	116	0	136	128	252
23429	1693	23172	164	0	93	62	257
23434	1694	23218	186	0	30	18	216
23437	591	3673	243	0	19521	946	19764
23442	1675	22959	153	0	330	233	483
23473	1711	23470	2	0	1	1	3
23538	1705	23363	109	0	66	66	175
23584	1649	22544	197	0	843	823	1040
23626	1695	23224	172	0	230	218	402
23647	521	2561	254	0	20832	254	21086
23673	1017	11369	165	0	12139	353	12304
23701	1707	23410	75	0	216	129	291
23716	1719	23572	11	0	133	129	144
23768	1706	23386	177	0	205	46	382
23797	1713	23522	76	0	199	195	275
23825	1727	23748	70	0	7	7	77
23854	677	4893	257	0	18704	1427	18961
23859	1086	12779	219	0	10861	599	11080
23886	1725	23688	79	0	119	119	198
23954	1710	23446	96	0	412	110	508
23961	1717	23562	186	0	213	100	399
24029	1380	17635	87	0	6307	113	6394
24056	1181	14319	211	0	9526	735	9737
24065	1726	23714	171	0	180	172	351
24066	1723	23630	105	0	331	331	436
24102	1740	23945	36	0	121	121	157
24199	1735	23899	130	0	170	166	300
24206	1240	15313	196	0	8697	213	8893
24220	1278	15888	186	0	8146	311	8332
24235	1737	23910	130	0	195	67	325
24279	1746	24083	196	0	0	0	196
24347	1439	18579	173	0	5595	192	5768
24382	1750	24118	164	0	100	88	264
24430	589	3637	271	0	20522	2056	20793
24441	1661	22811	199	0	1431	811	1630
24459	1745	24073	108	0	278	274	386
24520	1752	24328	190	0	2	2	192
24547	1743	24061	98	0	388	380	486
24562	1721	23593	180	0	789	141	969
24586	1756	24374	123	0	89	85	212
24634	1751	24288	68	0	278	274	346
24638	1311	16412	18	0	8208	313	8226
24639	1765	24579	26	0	34	30	60
24644	703	5590	239	0	18815	287	19054
24679	1759	24511	132	0	36	36	168
24718	1758	24454	128	0	136	132	264
24793	1766	24580	114	0	99	99	213
24805	1773	24678	91	0	36	36	127
24810	1306	16360	170	0	8280	620	8450
24850	1699	23259	126	0	1465	94	1591
24853	1292	16083	215	0	8555	259	8770
24913	1776	24745	59	0	109	105	168
24924	1761	24527	11	0	386	386	397
24944	1548	20942	152	0	3850	2742	4002
24986	1774	24684	170	0	132	128	302
24996	1785	24920	52	0	24	24	76
25032	1787	24930	92	0	10	2	102
25040	1784	24893	40	0	107	103	147
25055	1734	23856	133	0	1066	52	1199
25075	435	862	264	0	23949	50	24213
25120	1778	24754	72	0	294	286	366
25143	1783	24890	145	0	108	96	253
25155	1796	25121	12	0	22	22	34
25209	1591	21816	143	0	3250	2693	3393
25280	1474	19223	206	0	5851	430	6057
25306	1764	24564	143	0	599	591	742
25324	1792	25085	196	0	43	35	239
25345	1795	25097	39	0	209	209	248
25345	1797	25127	132	0	86	82	218
25360	1799	25160	163	0	37	29	200
25444	1412	18254	146	0	7044	252	7190
25497	510	2409	252	0	22836	177	23088
25526	1722	23604	169	0	1753	1600	1922
25537	1802	25182	170	0	185	76	355
25612	1299	16199	185	0	9228	70	9413
25653	1818	25483	113	0	57	49	170
25683	1229	15219	92	0	10372	1421	10464
25696	425	482	234	0	24980	691	25214
25731	1810	25407	176	0	148	140	324
25770	1825	25629	129	0	12	4	141
25829	1814	25441	177	0	211	80	388
25861	1824	25579	167	0	115	86	282
25867	1823	25571	120	0	176	160	296
25879	1757	24440	22	0	1417	176	1439
25888	1733	23848	59	0	1981	470	2040
25904	761	6767	233	0	18904	703	19137
25960	1834	25801	72	0	87	87	159
26011	1838	25837	140	0	34	30	174
26057	1837	25825	166	0	66	54	232
26112	899	9130	239	0	16743	1015	16982
26127	1739	23944	176	0	2007	676	2183
26128	1846	25993	59	0	76	64	135
26157	1847	26022	131	0	4	4	135
26184	1839	25887	173	0	124	124	297
26199	1852	26087	66	0	46	42	112
26209	1843	25963	80	0	166	166	246
26284	973	10466	130	0	15688	590	15818
26310	1850	26054	103	0	153	145	256
26321	472	1555	240	0	24526	64	24766
26348	1829	25709	135	0	504	355	639
26398	1859	26198	106	0	94	86	200
26435	1788	24933	133	0	1369	58	1502
26446	1709	23444	14	0	2988	44	3002
26504	1858	26186	139	0	179	171	318
26529	1870	26417	25	0	87	87	112
26530	729	6125	245	0	20160	201	20405
26530	1868	26351	2	0	177	83	179
26533	1704	23357	93	0	3083	2056	3176
26556	1864	26274	138	0	144	124	282
26571	1811	25429	40	0	1102	80	1142
26673	1871	26440	110	0	123	90	233
26696	1866	26326	167	0	203	48	370
26717	1863	26270	134	0	313	301	447
26740	1857	26185	45	0	510	112	555
26745	514	2439	249	0	24057	289	24306
26775	1881	26583	102	0	90	90	192
26811	1884	26613	67	0	131	127	198
26818	1873	26451	48	0	319	93	367
26843	1879	26558	126	0	159	159	285
26914	1862	26254	71	0	589	589	660
26933	1897	26830	95	0	8	0	103
26937	1893	26785	126	0	26	26	152
26938	1895	26811	114	0	13	1	127
26939	450	1146	238	0	25555	3550	25793
26971	1340	17000	155	0	9816	1278	9971
27033	1876	26506	111	0	416	408	527
27097	1891	26763	152	0	182	174	334
27108	1572	21434	151	0	5523	137	5674
27123	1901	26939	152	0	32	32	184
27189	1906	27036	141	0	12	0	153
27210	1801	25180	167	0	1863	76	2030
27280	1771	24646	176	0	2458	148	2634
27282	1907	27038	173	0	71	59	244
27295	1904	26991	160	0	144	94	304
27343	1915	27155	123	0	65	57	188
27369	1914	27153	70	0	146	142	216
27384	1928	27340	43	0	1	1	44
27386	1918	27199	43	0	144	144	187
27435	1908	27039	137	0	259	243	396
27471	1696	23228	88	0	4155	1190	4243
27483	849	8349	229	0	18905	1191	19134
27562	1905	27020	181	0	361	349	542
27563	1917	27195	124	0	244	240	368
27607	1934	27412	41	0	154	150	195
27624	1937	27464	17	0	143	143	160
27648	1889	26741	173	0	734	730	907
27689	448	1056	261	0	26372	155	26633
27733	1809	25392	171	0	2170	595	2341
27761	1942	27578	133	0	50	46	183
27793	1933	27406	146	0	241	211	387
27824	1948	27699	91	0	34	34	125
27882	1166	14087	221	0	13574	140	13795
27909	1947	27657	138	0	114	110	252
27929	1639	22366	122	0	5441	136	5563
27947	1931	27362	138	0	447	431	585
27988	1953	27781	75	0	132	128	207
28002	1964	27952	14	0	36	36	50
28058	1966	27981	37	0	40	40	77
28074	1932	27390	119	0	565	557	684
28085	1031	11700	225	0	16160	569	16385
28087	1955	27828	85	0	174	174	259
28103	1945	27633	162	0	308	296	470
28140	1961	27940	66	0	134	134	200
28142	1973	28065	73	0	4	0	77
28165	1970	28028	74	0	63	59	137
28186	1976	28097	21	0	68	68	89
28226	1959	27892	86	0	248	248	334
28236	1965	27956	129	0	151	44	280
28273	754	6678	249	0	21346	593	21595
28330	1967	27995	137	0	198	106	335
28365	1987	28313	47	0	5	1	52
28399	1978	28193	161	0	45	33	206
28423	1977	28127	191	0	105	46	296
28450	1398	17961	213	0	10276	241	10489
28476	1986	28301	138	0	37	29	175
28499	1786	24927	93	0	3479	170	3572
28551	1990	28372	139	0	40	40	179
28585	1991	28436	143	0	6	2	149
28636	1149	13651	119	0	14866	538	14985
28641	602	3777	239	0	24625	753	24864
28646	1926	27311	181	0	1154	62	1335
28666	1982	28243	164	0	259	64	423
28703	1998	28550	63	0	90	86	153
28769	1994	28472	119	0	178	174	297
28783	1568	21359	165	0	7259	319	7424
28806	1993	28444	136	0	226	222	362
28855	1997	28540	82	0	233	229	315
28884	1985	28294	177	0	413	164	590
28906	2008	28796	104	0	6	6	110
28910	2001	28636	105	0	169	100	274
28939	444	950	185	0	27804	505	27989
28960	1983	28266	77	0	617	174	694
29001	2007	28776	142	0	83	79	225
29042	1920	27208	72	0	1762	501	1834
29067	2002	28640	145	0	282	270	427
29135	1330	16718	209	0	12208	637	12417
29139	2016	28921	97	0	121	121	218
29150	2006	28746	149	0	255	255	404
29163	1999	28626	89	0	448	384	537
29274	1551	20987	150	0	8137	464	8287
29293	2017	28926	126	0	241	237	367
29305	2004	28684	170	0	451	76	621
29315	1968	28007	185	0	1123	463	1308
29342	2030	29210	49	0	83	83	132
29353	1890	26747	86	0	2520	54	2606
29464	2027	29150	108	0	206	92	314
29466	2038	29350	2	0	114	114	116
29475	1614	22155	200	0	7120	56	7320
29480	1479	19363	163	0	9954	2135	10117
29490	1041	11848	226	0	17416	209	17642
29556	2040	29420	72	0	64	60	136
29620	1946	27654	141	0	1825	204	1966
29645	2037	29348	159	0	138	118	297
29666	1101	12987	223	0	16456	90	16679
29703	1308	16394	91	0	13218	1200	13309
29705	2033	29334	60	0	311	311	371
29734	2046	29500	166	0	68	56	234
29796	1736	23905	108	0	5783	68	5891
29803	2034	29336	100	0	367	367	467
29808	1393	17809	171	0	11828	214	11999
29832	2060	29687	117	0	28	24	145
29898	2051	29549	161	0	188	102	349
29899	884	8898	12	0	20989	66	21001
29980	2028	29168	165	0	647	635	812
29982	2068	29859	111	0	12	12	123
29995	2066	29833	15	0	147	147	162
30002	491	1968	255	0	27779	593	28034
30021	2064	29777	177	0	67	55	244
30028	882	8876	176	0	20976	46	21152
30102	2065	29811	103	0	188	184	291
30136	1830	25713	120	0	4303	206	4423
30148	2072	29958	152	0	38	38	190
30168	1443	18648	186	0	11334	699	11520
30173	1853	26135	151	0	3887	532	4038
30215	1878	26556	116	0	3543	1101	3659
30227	1867	26346	52	0	3829	84	3881
30306	2058	29671	155	0	480	324	635
30354	529	2680	231	0	27443	947	27674
30368	2057	29661	149	0	558	554	707
30372	2073	29972	62	0	338	334	400
30389	2078	30148	158	0	83	79	241
30392	2059	29679	3	0	710	710	713
30418	2080	30190	47	0	181	77	228
30485	2063	29727	133	0	625	112	758
30507	1962	27943	85	0	2479	561	2564
30518	2055	29643	122	0	753	749	875
30545	1165	14066	217	0	16262	87	16479
30547	2047	29514	64	0	969	135	1033
30612	2092	30449	154	0	9	1	163
30639	1344	17110	136	0	13393	357	13529
30680	2086	30303	157	0	220	204	377
30696	1024	11545	194	0	18957	165	19151
30718	2005	28692	160	0	1866	251	2026
30774	2097	30579	56	0	139	139	195
30809	1708	23430	191	0	7188	105	7379
30829	2083	30276	133	0	420	258	553
30860	1800	25161	40	0	5659	694	5699
30888	477	1745	237	0	28906	1634	29143
30895	2107	30735	154	0	6	2	160
30932	2071	29927	155	0	850	331	1005
30933	2102	30637	117	0	179	146	296
30965	1790	24969	119	0	5877	524	5996
30968	2116	30914	3	0	51	51	54
31030	2115	30912	93	0	25	21	118
31036	1410	18248	174	0	12614	331	12788
31065	2112	30831	125	0	109	101	234
31136	2082	30238	164	0	734	424	898
31149	1828	25651	110	0	5388	909	5498
31170	1091	12805	170	0	18195	523	18365
31226	2120	30964	161	0	101	101	262
31270	1979	28215	137	0	2918	549	3055
31273	2117	30930	117	0	226	80	343
31347	2096	30549	165	0	633	622	798
31360	2126	31181	83	0	96	92	179
31403	2121	31058	169	0	176	168	345
31417	2129	31272	136	0	9	1	145
31432	2118	30952	158	0	322	170	480
31436	2119	30960	4	0	472	472	476
31441	2124	31128	77	0	236	232	313
31504	2113	30887	68	0	549	549	617
31508	2111	30789	8	0	711	337	719
31533	838	8163	228	0	23142	66	23370
31568	2134	31320	161	0	87	83	248
31591	1996	28512	136	0	2943	357	3079
31668	2108	30738	152	0	778	770	930
31676	2136	31360	100	0	216	208	316
31683	2147	31492	87	0	104	100	191
31723	1123	13219	217	0	18287	45	18504
31729	2150	31564	132	0	33	29	165
31810	2123	31068	142	0	600	600	742
31815	1779	24857	145	0	6813	331	6958
31854	2133	31302	166	0	386	374	552
31878	2157	31766	63	0	49	49	112
31915	1491	19653	205	0	12057	925	12262
31958	1276	15824	177	0	15957	84	16134
31981	2153	31605	123	0	253	249	376
32037	2148	31507	152	0	378	277	530
32045	2162	31816	64	0	165	165	229
32060	2167	31873	98	0	89	85	187
32092	1070	12377	213	0	19502	730	19715
32097	2169	31967	110	0	20	16	130
32179	1485	19441	154	0	12584	104	12738
32226	1475	19254	191	0	12781	65	12972
32236	1476	19291	188	0	12757	588	12945
32279	2163	31851	100	0	328	328	428
32290	629	4266	223	0	27801	1691	28024
32300	2164	31861	80	0	359	124	439
32359	2139	31420	86	0	853	557	939
32415	2142	31458	155	0	802	778	957
32419	2192	32247	52	0	120	112	172
32434	2194	32261	124	0	49	41	173
32437	2199	32408	18	0	11	11	29
32455	2174	32051	20	0	384	180	404
32468	418	391	222	0	31855	117	32077
32475	2198	32362	60	0	53	53	113
32485	2200	32410	51	0	24	24	75
32567	2170	31975	113	0	479	97	592
32569	2149	31561	92	0	916	515	1008
32575	2178	32100	82	0	393	385	475
32602	2202	32442	152	0	8	4	160
32612	1029	11670	111	0	20831	154	20942
32653	709	5699	238	0	26716	685	26954
32712	2197	32344	117	0	251	239	368
32762	2201	32416	151	0	195	187	346
32776	2206	32605	162	0	9	1	171
32790	942	10013	239	0	22538	362	22777
32821	2205	32498	100	0	223	219	323
32825	1492	19683	201	0	12941	180	13142
32855	2211	32647	65	0	143	143	208
32899	2208	32615	70	0	214	206	284
32915	2196	32322	141	0	452	440	593
33006	493	2033	240	0	30733	136	30973
33009	2212	32712	106	0	191	187	297
33010	2215	32786	151	0	73	69	224
33015	2217	32799	88	0	128	116	216
33043	2218	32819	34	0	190	190	224
33128	2216	32794	85	0	249	249	334
33133	2214	32764	119	0	250	246	369
33148	1385	17725	189	0	15234	801	15423
33153	2219	32850	26	0	277	125	303
33174	2220	32860	152	0	162	76	314
33193	1452	18798	67	0	14328	1107	14395
33275	2226	33003	134	0	138	130	272
33291	1447	18735	125	0	14431	95	14556
33296	2222	32895	123	0	278	86	401
33312	2188	32223	164	0	925	926	1089
33335	2232	33179	56	0	100	96	156
33374	2238	33285	35	0	54	50	89
33393	2233	33235	120	0	38	38	158
33402	1826	25637	124	0	7641	272	7765
33444	2209	32637	134	0	673	342	807
33450	2234	33259	147	0	44	32	191
33517	2138	31397	155	0	1965	155	2120
33530	2242	33349	77	0	104	69	181
33541	2231	33153	131	0	257	249	388
33561	2223	32929	31	0	601	601	632
33570	2210	32637	45	0	888	880	933
33610	2122	31062	168	0	2380	386	2548
33681	2225	33000	140	0	541	541	681
33701	2195	32302	131	0	1268	446	1399
33748	2193	32254	154	0	1340	1332	1494
33769	1604	21982	198	0	11589	38	11787
33835	2213	32726	150	0	959	955	1109
33845	2241	33327	148	0	370	163	518
33903	2258	33764	68	0	71	71	139
33908	2255	33672	148	0	88	76	236
33936	824	7834	203	0	25899	82	26102
33940	2263	33817	115	0	8	0	123
33941	2262	33811	121	0	9	1	130
33992	2253	33640	139	0	213	205	352
34006	2261	33804	14	0	188	188	202
34058	2249	33542	48	0	468	464	516
34064	1124	13318	198	0	20548	223	20746
34064	2256	33724	152	0	188	184	340
34113	811	7519	234	0	26360	604	26594
34153	1187	14553	124	0	19476	2149	19600
34157	2275	34108	48	0	1	1	49
34157	2273	34060	59	0	38	34	97
34164	2251	33600	97	0	467	52	564
34216	2257	33754	144	0	318	310	462
34237	1478	19361	169	0	14707	2408	14876
34274	2160	31796	65	0	2413	463	2478
34291	2271	34017	119	0	155	147	274
34312	1817	25479	162	0	8671	545	8833
34325	2279	34242	13	0	70	70	83
34346	2100	30625	126	0	3595	993	3721
34423	2143	31463	153	0	2807	698	2960
34442	2278	34237	113	0	92	88	205
34446	2270	34015	147	0	284	276	431
34463	466	1515	142	0	32806	46	32948
34516	2280	34256	89	0	171	167	260
34551	2272	34029	97	0	425	417	522
34611	2282	34390	149	0	72	52	221
34651	833	8083	234	0	26334	66	26568
34653	2269	34011	135	0	507	217	642
34667	2191	32242	54	0	2371	451	2425
34671	1519	20378	145	0	14148	406	14293
34676	2284	34517	5	0	154	154	159
34696	2289	34613	21	0	62	54	83
34710	2244	33446	39	0	1225	96	1264
34749	2281	34337	96	0	316	239	412
34815	2288	34606	107	0	102	50	209
34822	511	2411	240	0	32171	2671	32411
34847	2254	33670	148	0	1029	345	1177
34906	2236	33281	149	0	1476	1204	1625
34954	2252	33618	129	0	1207	82	1336
34983	2285	34543	129	0	311	194	440
35001	760	6733	206	0	28062	1668	28268
35025	2296	34809	115	0	101	97	216
35046	2061	29715	112	0	5219	684	5331
35091	2302	34925	104	0	62	58	166
35111	2304	34997	20	0	94	94	114
35147	2128	31249	108	0	3790	1386	3898
35155	2301	34923	122	0	110	102	232
35186	964	10344	234	0	24608	310	24842
35266	2101	30633	132	0	4501	74	4633
35273	2307	35089	114	0	70	66	184
35274	2300	34909	155	0	210	202	365
35280	2311	35239	6	0	35	35	41
35347	2305	35053	74	0	220	220	294
35355	2310	35223	108	0	24	20	132
35365	2303	34947	86	0	332	256	418
35376	756	6688	239	0	28449	798	28688
35380	2306	35073	106	0	201	193	307
35447	2161	31800	75	0	3572	394	3647
35475	2308	35105	110	0	260	260	370
35493	2235	33279	53	0	2161	380	2214
35501	2259	33780	147	0	1574	909	1721
35502	1880	26565	18	0	8919	22	8937
35541	599	3745	223	0	31573	65	31796
35559	2295	34763	60	0	736	56	796
35590	2316	35400	115	0	75	75	190
35590	1875	26464	101	0	9025	1425	9126
35641	2318	35490	82	0	69	69	151
35650	2298	34891	61	0	698	392	759
35673	2299	34901	23	0	749	749	772
35705	685	4974	210	0	30521	2695	30731
35721	2322	35568	123	0	30	22	153
35746	2290	34659	73	0	1014	1014	1087
35772	2328	35698	42	0	32	32	74
35776	2227	33050	151	0	2575	99	2726
35780	2286	34597	37	0	1146	97	1183
35810	2221	32871	99	0	2840	298	2939
35832	1198	14765	172	0	20895	507	21067
35840	2267	33965	61	0	1814	428	1875
35854	2330	35724	77	0	53	53	130
35922	2323	35582	68	0	272	272	340
35928	2260	33796	121	0	2011	434	2132
35930	2329	35720	2	0	208	208	210
35948	2230	33095	37	0	2816	953	2853
35964	2320	35538	116	0	310	48	426
35968	1273	15780	94	0	20094	2411	20188
35973	2338	35869	66	0	38	38	104
36002	955	10238	228	0	25536	184	25764
36006	2342	35943	42	0	21	21	63
36051	2287	34605	88	0	1358	747	1446
36070	2319	35536	136	0	398	32	534
36094	2293	34735	85	0	1274	25	1359
36127	1328	16704	164	0	19259	1720	19423
36158	1193	14685	150	0	21323	549	21473
36164	2337	35847	6	0	311	311	317
36174	2348	36056	104	0	14	14	118
36230	2347	36036	128	0	66	58	194
36252	2335	35837	84	0	331	327	415
36292	788	7296	240	0	28756	449	28996
36292	2351	36136	110	0	46	38	156
36296	2350	36116	44	0	136	136	180
36340	2352	36170	44	0	126	122	170
36347	2349	36078	113	0	156	152	269
36366	2360	36350	10	0	6	6	16
36392	2356	36257	37	0	98	90	135
36410	2321	35538	75	0	797	56	872
36417	2334	35823	113	0	481	473	594
36454	433	705	217	0	35532	1634	35749
36476	1326	16696	95	0	19685	783	19780
36506	2359	36334	30	0	142	142	172
36519	1956	27836	110	0	8573	351	8683
36528	2336	35843	140	0	545	166	685
36539	2357	36318	29	0	192	188	221
36585	941	9973	171	0	26441	958	26612
36596	2358	36328	54	0	214	167	268
36619	1347	17146	116	0	19357	2515	19473
36626	2343	35969	105	0	552	87	657
36659	2368	36654	3	0	2	2	5
36690	2366	36553	86	0	51	43	137
36729	2363	36539	102	0	88	80	190
36743	1097	12907	196	0	23640	68	23836
36761	2309	35203	130	0	1428	76	1558
36765	2346	36026	76	0	663	471	739
36806	2344	36006	38	0	762	609	800
36819	2369	36658	54	0	107	103	161
36822	2367	36560	85	0	177	169	262
36880	2355	36252	55	0	573	406	628
36882	2370	36674	73	0	135	86	208
36911	711	5736	220	0	30955	702	31175
36950	2376	36854	59	0	37	33	96
36957	2365	36547	134	0	276	272	410
37023	2373	36766	62	0	195	191	257
37027	457	1252	157	0	35618	1826	35775
37029	2326	35634	146	0	1249	143	1395
37031	2364	36541	86	0	404	113	490
37108	1583	21670	99	0	15339	362	15438
37154	2372	36730	115	0	309	293	424
37167	2375	36846	63	0	258	50	321
37169	2291	34721	140	0	2308	146	2448
37172	1919	27205	166	0	9801	108	9967
37177	2297	34843	15	0	2319	513	2334
37187	2043	29488	48	0	7651	178	7699
37219	2354	36209	67	0	943	347	1010
37233	2042	29478	81	0	7674	55	7755
37273	2389	37197	67	0	9	1	76
37308	2385	37096	127	0	85	81	212
37322	2384	37093	89	0	140	140	229
37336	1877	26543	138	0	10655	861	10793
37341	621	4039	240	0	33062	1267	33302
37353	2387	37117	41	0	195	191	236
37410	2396	37306	96	0	8	4	104
37421	2397	37321	64	0	36	32	100
37426	2392	37217	16	0	193	193	209
37446	2390	37207	20	0	219	219	239
37451	2187	32208	136	0	5107	419	5243
37472	762	6769	225	0	30478	38	30703
37509	2403	37479	29	0	1	1	30
37512	2386	37112	66	0	334	64	400
37552	2317	35462	140	0	1950	543	2090
37553	2045	29494	9	0	8050	768	8059
37554	2036	29344	15	0	8195	208	8210
37568	2383	36976	53	0	539	95	592
37591	2402	37459	19	0	113	109	132
37594	2024	29072	62	0	8460	58	8522
37596	2388	37195	146	0	255	251	401
37637	512	2413	233	0	34991	137	35224
37642	2011	28822	54	0	8766	1515	8820
37647	2407	37598	48	0	1	1	49
37657	2406	37586	61	0	10	10	71
37658	1261	15662	9	0	21987	2419	21996
37679	2382	36950	41	0	688	501	729
37697	2361	36418	106	0	1173	553	1279
37722	2413	37704	17	0	1	1	18
37747	1259	15648	130	0	21969	630	22099
37796	606	3878	234	0	33684	479	33918
37800	2098	30589	132	0	7079	1049	7211
37807	2400	37415	124	0	268	247	392
37808	2421	37759	12	0	37	37	49
37819	2405	37485	76	0	258	173	334
37820	1860	26212	17	0	11591	491	11608
37834	2412	37692	27	0	115	115	142
37908	2380	36883	58	0	967	951	1025
37909	1672	22943	127	0	14839	316	14966
37955	2393	37237	155	0	563	210	718
37962	1807	25384	185	0	12393	551	12578
37998	2084	30291	58	0	7649	1156	7707
38021	2428	37893	55	0	73	69	128
38042	2431	37967	63	0	12	4	75
38069	2419	37752	140	0	177	76	317
38082	2435	38039	29	0	14	6	43
38082	1207	14844	201	0	23037	113	23238
38114	2429	37947	41	0	126	122	167
38120	2426	37863	114	0	143	135	257
38137	1422	18362	67	0	19708	443	19775
38142	2434	38005	105	0	32	24	137
38158	2430	37947	40	0	171	167	211
38222	1416	18303	121	0	19798	2462	19919
38224	2395	37282	19	0	923	161	942
38236	826	7916	202	0	30118	65	30320
38265	2050	29545	126	0	8594	521	8720
38278	1833	25781	88	0	12409	50	12497
38286	2411	37638	12	0	636	154	648
38289	2417	37746	139	0	404	396	543
38345	2440	38199	137	0	9	1	146
38354	2378	36873	78	0	1403	88	1481
38383	1533	20614	168	0	17601	388	17769
38397	821	7749	241	0	30407	344	30648
38416	2445	38275	119	0	22	14	141
38453	2353	36186	110	0	2157	128	2267
38524	2379	36882	147	0	1495	111	1642
38547	2438	38085	124	0	338	334	462
38551	686	4975	209	0	33367	666	33576
38586	2443	38230	106	0	250	246	356
38632	2447	38380	81	0	171	167	252
38640	2450	38552	54	0	34	34	88
38663	1052	12033	183	0	26447	418	26630
38708	1331	16726	206	0	21776	49	21982
38712	2451	38594	80	0	38	38	118
38728	2401	37457	93	0	1178	285	1271
38776	2442	38223	113	0	440	440	553
38827	2454	38690	95	0	42	38	137
38837	2449	38544	121	0	172	168	293
38842	2455	38700	66	0	76	76	142
38859	1541	20791	181	0	17887	360	18068
38866	2410	37616	32	0	1218	48	1250
38870	2459	38779	80	0	11	7	91
38872	2427	37888	6	0	978	484	984
38937	2245	33500	65	0	5372	36	5437
38940	2463	38871	3	0	66	66	69
38952	2461	38807	12	0	133	133	145
38987	1335	16950	193	0	21844	369	22037
39006	1754	24345	174	0	14487	1542	14661
39009	2422	37760	126	0	1123	959	1249
39034	2456	38760	25	0	249	249	274
39054	2453	38684	20	0	350	350	370
39077	2458	38771	121	0	185	181	306
39103	2044	29494	149	0	9460	1228	9609
39160	2460	38804	61	0	295	214	356
39173	613	3948	246	0	34979	314	35225
39189	2452	38668	135	0	386	386	521
39210	2446	38372	122	0	716	399	838
39224	2240	33321	44	0	5859	135	5903
39270	2448	38518	102	0	650	642	752
39308	2468	39015	98	0	195	195	293
39335	1391	17781	178	0	21376	609	21554
39364	2444	38263	93	0	1008	982	1101
39373	1767	24586	94	0	14693	118	14787
39374	2441	38209	129	0	1036	205	1165
39375	2423	37766	18	0	1591	71	1609
39441	2466	38947	68	0	426	342	494
39469	1663	22848	134	0	16487	1008	16621
39479	2339	35895	111	0	3473	85	3584
39485	1394	17851	198	0	21436	50	21634
39544	2479	39451	57	0	36	28	93
39572	2294	34737	128	0	4707	70	4835
39572	2475	39385	25	0	162	116	187
39586	2465	38883	137	0	566	558	703
39624	2478	39446	52	0	126	126	178
39634	2481	39529	54	0	51	43	105
39643	1498	19841	130	0	19672	701	19802
39653	746	6562	230	0	32861	1575	33091
39720	2477	39436	86	0	198	69	284
39763	2476	39410	135	0	218	147	353
39768	2483	39585	45	0	138	42	183
39781	2026	29114	167	0	10500	198	10667
39792	2418	37748	133	0	1911	82	2044
39830	1680	23079	108	0	16643	181	16751
39838	2486	39737	62	0	39	31	101
39899	2473	39364	107	0	428	347	535
39944	1219	15058	195	0	24691	1844	24886
39944	2480	39507	49	0	388	107	437
39950	2489	39819	99	0	32	20	131
39974	2439	38169	49	0	1756	71	1805
39976	2470	39160	143	0	673	270	816
39997	2487	39791	40	0	166	141	206
40003	2184	32187	59	0	7757	514	7816
40020	2484	39674	50	0	296	51	346
40031	2491	39975	51	0	5	1	56
40041	2324	35586	24	0	4431	212	4455
40061	1164	13899	147	0	26015	838	26162
40103	2145	31465	126	0	8512	88	8638
40104	1894	26795	44	0	13265	404	13309
40111	2175	32055	93	0	7963	166	8056
40142	1732	23835	150	0	16157	579	16307
40184	1827	25643	111	0	14430	340	14541
40191	2497	40101	80	0	10	2	90
40202	2495	40053	60	0	89	89	149
40214	812	7527	173	0	32514	622	32687
40217	2490	39865	102	0	250	122	352
40218	1782	24887	13	0	15318	116	15331
40287	2494	40023	92	0	172	164	264
40311	2482	39580	105	0	626	622	731
40351	2485	39708	39	0	604	195	643
40355	1781	24871	172	0	15312	140	15484
40365	478	1754	228	0	38383	59	38611
40433	2488	39817	138	0	478	470	616
40480	2248	33520	139	0	6821	127	6960
40485	2228	33056	29	0	7400	607	7429
40494	2464	38877	142	0	1475	112	1617
40512	951	10153	208	0	30151	300	30359
40525	2314	35255	107	0	5163	545	5270
40547	2505	40296	50	0	201	136	251
40562	2509	40382	37	0	143	143	180
40588	2166	31869	137	0	8582	253	8719
40655	615	3957	206	0	36492	563	36698
40681	2507	40314	123	0	244	86	367
40703	2501	40225	134	0	344	160	478
40713	2512	40574	98	0	41	29	139
40777	2508	40380	96	0	301	301	397
40778	2510	40416	6	0	356	196	362
40795	2506	40304	17	0	474	474	491
40798	2514	40670	81	0	47	43	128
40816	413	317	210	0	40289	78	40499
40843	1324	16666	184	0	23993	601	24177
40904	2472	39353	103	0	1448	862	1551
40908	1678	22989	20	0	17899	308	17919
40932	2515	40703	130	0	99	95	229
40936	1647	22540	67	0	18329	104	18396
40965	2516	40822	122	0	21	21	143
40972	1133	13465	231	0	27276	56	27507
40985	2471	39308	54	0	1623	89	1677
41045	2437	38077	73	0	2895	58	2968
41050	1944	27627	180	0	13243	399	13423
41055	1657	22684	121	0	18250	2066	18371
41094	2250	33560	59	0	7475	835	7534
41122	1291	16073	191	0	24858	1033	25049
41139	2521	40940	81	0	118	110	199
41143	2520	40925	45	0	173	169	218
41168	2524	41009	124	0	35	31	159
41168	2243	33434	48	0	7686	170	7734
41169	2374	36802	24	0	4343	125	4367
41193	2523	41002	54	0	137	137	191
41200	2229	33091	73	0	8036	889	8109
41202	2513	40634	142	0	426	176	568
41264	534	2797	225	0	38242	774	38467
41268	2504	40251	69	0	948	534	1017
41277	2517	40878	80	0	319	315	399
41301	2283	34434	116	0	6751	837	6867
41342	2530	41213	124	0	5	1	129
41355	1594	21844	131	0	19380	688	19511
41408	2168	31923	140	0	9345	261	9485
41410	943	10020	203	0	31187	151	31390
41483	2527	41115	125	0	243	98	368
41487	2529	41197	140	0	150	146	290
41494	2528	41153	11	0	330	330	341
41503	2425	37835	101	0	3567	711	3668
41534	2502	40233	15	0	1286	176	1301
41540	2420	37757	77	0	3706	375	3783
41560	471	1550	245	0	39765	61	40010
41575	2522	40968	85	0	522	83	607
41580	2414	37706	13	0	3861	53	3874
41605	1744	24069	53	0	17483	343	17536
41630	2498	40119	98	0	1413	460	1511
41637	2503	40240	9	0	1388	997	1397
41655	2381	36945	33	0	4677	1272	4710
41661	2325	35604	135	0	5922	158	6057
41698	1107	13017	182	0	28499	1278	28681
41710	2469	39059	108	0	2543	305	2651
41752	2246	33508	101	0	8143	102	8244
41779	2536	41387	116	0	276	268	392
41810	2542	41613	58	0	139	36	197
41820	2151	31588	124	0	10108	1307	10232
41840	2031	29306	95	0	12439	58	12534
41849	1082	12739	222	0	28888	428	29110
41852	2546	41725	93	0	34	30	127
41859	2003	28658	63	0	13138	242	13201
41876	1357	17270	130	0	24476	1136	24606
41900	2541	41611	77	0	212	78	289
41924	2179	32120	61	0	9743	1868	9804
41954	1132	13461	162	0	28331	1783	28493
41990	2177	32078	84	0	9828	48	9912
42003	852	8431	232	0	33340	459	33572
42009	2547	41729	97	0	183	171	280
42010	2552	41857	74	0	79	67	153
42030	2539	41571	10	0	449	390	459
42038	2557	42002	8	0	28	28	36
42064	2550	41783	54	0	227	227	281
42109	2032	29326	72	0	12711	230	12783
42114	2556	42001	72	0	41	37	113
42131	1576	21529	181	0	20421	86	20602
42133	920	9529	209	0	32395	65	32604
42163	2545	41703	55	0	405	124	460
42234	1892	26779	186	0	15269	214	15455
42250	2538	41563	120	0	567	86	687
42258	2555	41979	87	0	192	184	279
42267	2185	32192	78	0	9997	906	10075
42276	2156	31702	53	0	10521	422	10574
42281	1320	16548	202	0	25531	438	25733
42313	2562	42198	55	0	60	52	115
42328	2554	41915	16	0	397	153	413
42367	2155	31694	125	0	10548	939	10673
42374	2561	42158	108	0	108	100	216
42384	2563	42226	17	0	141	141	158
42403	2566	42336	41	0	26	26	67
42413	2565	42307	38	0	68	68	106
42417	2182	32173	44	0	10200	720	10244
42420	1265	15720	213	0	26487	108	26700
42444	2553	41897	112	0	435	431	547
42458	2558	42034	115	0	309	39	424
42519	2180	32122	136	0	10261	856	10397
42550	2535	41347	100	0	1103	206	1203
42568	1142	13583	195	0	28790	1432	28985
42568	2173	32027	124	0	10417	725	10541
42584	2564	42298	12	0	274	270	286
42623	2572	42456	73	0	94	94	167
42630	2570	42386	103	0	141	133	244
42698	1763	24559	171	0	17968	420	18139
42701	2518	40916	84	0	1701	162	1785
42702	1236	15288	15	0	27399	246	27414
42703	2543	41639	117	0	947	254	1064
42750	2568	42370	123	0	257	253	380
42758	2540	41587	18	0	1153	66	1171
42810	2474	39374	63	0	3373	363	3436
42811	2079	30186	24	0	12601	249	12625
42812	2054	29636	53	0	13123	664	13176
42822	2573	42558	107	0	157	145	264
42837	802	7414	210	0	35213	2115	35423
42838	2025	29088	49	0	13701	1586	13750
42846	1209	14936	215	0	27695	106	27910
42909	2581	42776	79	0	54	46	133
42954	2582	42812	112	0	30	26	142
42957	1502	19886	175	0	22896	316	23071
42973	548	2904	223	0	39846	639	40069
43007	2534	41343	55	0	1609	284	1664
43030	2039	29374	119	0	13537	174	13656
43038	2537	41553	99	0	1386	1203	1485
43101	2577	42706	68	0	327	92	395
43112	755	6687	177	0	36248	1400	36425
43113	2574	42634	95	0	384	208	479
43145	2575	42658	104	0	383	64	487
43150	2586	43000	6	0	144	80	150
43158	2578	42720	10	0	428	88	438
43185	2519	40917	75	0	2193	157	2268
43194	2583	42860	87	0	247	60	334
43221	695	5325	159	0	37737	1558	37896
43237	2544	41657	74	0	1506	413	1580
43250	2587	43026	53	0	171	154	224
43272	2589	43116	87	0	69	69	156
43302	2585	42898	65	0	339	339	404
43314	2579	42724	42	0	548	498	590
43319	1411	18249	180	0	24890	205	25070
43353	2593	43240	32	0	81	47	113
43355	2591	43222	2	0	131	131	133
43379	2590	43208	109	0	62	54	171
43390	2588	43050	35	0	305	305	340
43401	2190	32236	48	0	11117	689	11165
43406	2189	32229	159	0	11018	388	11177
43408	2106	30727	56	0	12625	86	12681
43414	2186	32200	44	0	11170	497	11214
43419	2576	42660	43	0	716	64	759
43445	792	7332	191	0	35922	1758	36113
43486	2140	31422	136	0	11928	1576	12064
43532	2052	29557	174	0	13801	703	13975
43556	2571	42434	116	0	1006	46	1122
43570	2049	29532	84	0	13954	89	14038
43578	2109	30743	124	0	12711	2223	12835
43580	740	6359	206	0	37015	650	37221
43591	2103	30645	55	0	12891	152	12946
43598	2021	29040	66	0	14492	2169	14558
43624	1307	16388	80	0	27156	216	27236
43629	2496	40085	17	0	3527	126	3544
43651	2019	28998	105	0	14548	206	14653
43684	2595	43291	101	0	292	86	393
43688	1861	26220	111	0	17357	341	17468
43693	2327	35676	77	0	7940	82	8017
43711	555	3029	219	0	40463	2313	40682
43742	1812	25435	88	0	18219	1278	18307
43752	2127	31245	45	0	12462	928	12507
43753	2467	39013	9	0	4731	700	4740
43776	2076	30013	138	0	13625	558	13763
43808	2132	31294	155	0	12359	721	12514
43836	403	27	236	0	43573	241	43809
43842	2135	31334	140	0	12368	540	12508
43871	2592	43238	64	0	569	88	633
43890	2598	43746	106	0	38	30	144
43890	2377	36872	87	0	6931	163	7018
43910	1424	18400	92	0	25418	764	25510
43928	2362	36455	75	0	7398	1921	7473
43941	2088	30368	70	0	13503	772	13573
43970	2081	30224	99	0	13647	995	13746
43971	1019	11430	195	0	32346	234	32541
43984	2584	42860	91	0	1033	118	1124
44007	2603	43927	66	0	14	14	80
44027	1624	22230	52	0	21745	56	21797
44028	1625	22233	68	0	21727	307	21795
44048	1596	21861	75	0	22112	539	22187
44063	2604	43931	85	0	47	39	132
44096	2596	43570	108	0	418	414	526
44097	2333	35803	23	0	8271	676	8294
44099	2605	43950	36	0	113	113	149
44108	2152	31598	103	0	12407	415	12510
44109	638	4381	209	0	39519	319	39728
44130	2511	40540	35	0	3555	222	3590
44144	2099	30621	47	0	13476	72	13523
44182	2077	30014	137	0	14031	185	14168
44204	1762	24549	136	0	19519	1454	19655
44234	867	8678	180	0	35376	198	35556
44241	2085	30297	170	0	13774	392	13944
44272	1683	23092	79	0	21101	462	21180
44278	2606	44083	70	0	125	121	195
44287	2607	44178	86	0	23	19	109
44297	1923	27242	177	0	16878	513	17055
44330	2597	43706	54	0	570	203	624
44365	500	2275	227	0	41863	1114	42090
44371	2580	42726	51	0	1594	1046	1645
44376	1848	26048	162	0	18166	238	18328
44415	2610	44252	114	0	49	45	163
44426	2599	43750	12	0	664	251	676
44442	2371	36698	58	0	7686	238	7744
44443	2165	31869	11	0	12563	752	12574
44443	2266	33834	98	0	10511	1075	10609
44444	2137	31374	6	0	13064	332	13070
44472	2611	44326	88	0	58	50	146
44488	1382	17676	184	0	26628	97	26812
44530	2614	44438	91	0	1	1	92
44545	2087	30344	125	0	14076	399	14201
44545	2612	44336	98	0	111	107	209
44587	1969	28026	179	0	16382	440	16561
44594	553	2988	162	0	41444	795	41606
44597	2533	41341	64	0	3192	320	3256
44615	2617	44476	70	0	69	69	139
44656	2618	44477	69	0	110	110	179
44660	1936	27458	86	0	17116	485	17202
44674	1925	27268	135	0	17271	66	17406
44675	1384	17696	11	0	26968	489	26979
44721	1902	26969	173	0	17579	196	17752
44728	2613	44402	64	0	262	258	326
44756	1383	17695	145	0	26916	825	27061
44770	2594	43282	116	0	1372	67	1488
44771	2091	30401	46	0	14324	253	14370
44783	2600	43774	35	0	974	75	1009
44803	2247	33516	76	0	11211	135	11287
44820	1841	25952	88	0	18780	191	18868
44822	2602	43897	92	0	833	152	925
44844	713	5762	213	0	38869	544	39082
44869	1951	27765	144	0	16960	103	17104
44881	2268	33981	109	0	10791	494	10900
44919	2056	29653	135	0	15131	645	15266
44925	2023	29050	109	0	15766	490	15875
44928	2621	44828	47	0	53	53	100
44970	993	10911	120	0	33939	414	34059
44971	728	6116	254	0	38601	150	38855
44980	2619	44769	61	0	150	150	211
45022	2090	30383	164	0	14475	275	14639
45031	2022	29044	102	0	15885	275	15987
45032	2141	31447	57	0	13528	103	13585
45033	2094	30459	2	0	14572	193	14574
45034	2029	29192	60	0	15782	372	15842
45035	1984	28270	53	0	16712	232	16765
45050	1981	28239	73	0	16738	223	16811
45061	2620	44783	81	0	197	72	278
45095	1288	16014	179	0	28902	260	29081
45135	1960	27898	140	0	17097	56	17237
45143	2035	29340	127	0	15676	1744	15803
45144	1903	26989	16	0	18139	100	18155
45151	1555	21171	196	0	23784	70	23980
45220	971	10424	228	0	34568	66	34796
45228	2623	44946	78	0	204	52	282
45229	2622	44910	90	0	229	225	319
45238	1872	26442	163	0	18633	115	18796
45263	2158	31778	83	0	13402	95	13485
45317	2625	45056	80	0	181	173	261
45334	1660	22746	178	0	22410	106	22588
45347	979	10518	197	0	34632	69	34829
45369	2624	45034	97	0	238	52	335
45372	2629	45190	25	0	157	157	182
45373	2041	29476	16	0	15881	512	15897
45391	2630	45218	66	0	107	99	173
45394	2020	29016	83	0	16295	268	16378
45395	1289	16037	40	0	29318	945	29358
45450	1281	15931	180	0	29339	83	29519
45479	2628	45185	107	0	187	136	294
45481	2626	45071	102	0	308	129	410
45492	1285	15952	184	0	29356	324	29540
45517	1645	22518	81	0	22918	88	22999
45518	981	10628	31	0	34859	369	34890
45540	1980	28231	106	0	17203	163	17309
45545	1611	22090	145	0	23310	2308	23455
45555	2114	30902	88	0	14565	289	14653
45561	978	10511	138	0	34912	406	35050
45568	874	8763	59	0	36746	59	36805
45571	1821	25539	48	0	19984	172	20032
45572	1629	22272	31	0	23269	74	23300
45576	2009	28800	84	0	16692	216	16776
45609	870	8699	115	0	36795	1872	36910
45611	1560	21227	97	0	24287	139	24384
45643	1939	27526	84	0	18033	1488	18117
45645	2634	45507	69	0	69	69	138
45660	2010	28814	91	0	16755	1358	16846
45667	2633	45493	22	0	152	152	174
45674	759	6731	196	0	38747	366	38943
45678	1844	25967	67	0	19644	120	19711
45752	1315	16500	138	0	29114	102	29252
45775	2631	45431	107	0	237	229	344
45782	2053	29630	165	0	15987	356	16152
45812	953	10209	195	0	35408	240	35603
45858	1949	27737	160	0	17961	979	18121
45864	2601	43889	100	0	1875	147	1975
45865	2176	32061	46	0	13758	145	13804
45865	2636	45599	113	0	153	153	266
45866	2159	31794	30	0	14042	432	14072
45867	2125	31137	46	0	14684	471	14730
45868	2089	30380	12	0	15476	109	15488
45869	2067	29849	2	0	16018	535	16020
45870	1971	28044	13	0	17813	2226	17826
45871	1941	27566	49	0	18256	376	18305
45895	1938	27468	88	0	18339	185	18427
45896	1916	27179	31	0	18686	130	18717
45911	1913	27135	93	0	18683	122	18776
45933	565	3266	215	0	42452	505	42667
45942	2637	45791	80	0	71	67	151
45943	1664	22850	92	0	23001	584	23093
45974	1887	26723	138	0	19113	709	19251
45975	1635	22304	32	0	23639	218	23671
46032	1882	26587	142	0	19303	134	19445
46034	2639	45845	92	0	97	60	189
46039	1952	27779	54	0	18206	1182	18260
46062	934	9889	195	0	35978	736	36173
46070	2642	46044	25	0	1	1	26
46079	1885	26677	93	0	19309	847	19402
46086	1627	22237	178	0	23671	127	23849
46121	1836	25819	137	0	20165	76	20302
46170	1531	20566	161	0	25443	844	25604
46187	2641	45996	89	0	102	90	191
46192	1366	17363	78	0	28751	54	28829
46194	1010	11211	204	0	34779	264	34983
46218	2635	45589	92	0	537	292	629
46230	2632	45463	41	0	726	199	767
46231	2013	28832	15	0	17384	294	17399
46232	1954	27815	15	0	18402	79	18417
46279	1940	27546	105	0	18628	119	18733
46286	732	6217	182	0	39887	704	40069
46294	2638	45811	97	0	386	159	483
46307	2646	46240	13	0	54	54	67
46328	1321	16608	184	0	29536	1756	29720
46351	1927	27321	117	0	18913	48	19030
46381	1957	27890	128	0	18363	1034	18491
46383	1577	21547	82	0	24754	84	24836
46408	2648	46300	98	0	10	6	108
46416	2647	46298	35	0	83	83	118
46418	1130	13427	185	0	32806	544	32991
46419	696	5342	192	0	40885	396	41077
46419	2640	45847	6	0	566	60	572
46446	1886	26693	85	0	19668	590	19753
46470	1689	23136	152	0	23182	544	23334
46507	2650	46338	85	0	84	80	169
46531	1869	26372	102	0	20057	92	20159
46537	1444	18719	213	0	27605	99	27818
46578	2645	46190	109	0	279	267	388
46604	2653	46367	73	0	164	164	237
46608	1798	25143	165	0	21300	97	21465
46636	447	995	180	0	45461	1354	45641
46653	2656	46578	62	0	13	9	75
46687	1912	27115	154	0	19418	262	19572
46690	2652	46365	75	0	250	87	325
46724	1935	27456	83	0	19185	640	19268
46725	1900	26937	33	0	19755	416	19788
46725	1909	27043	133	0	19549	38	19682
46760	751	6648	198	0	39914	2964	40112
46771	1922	27230	157	0	19384	1725	19541
46778	1741	23987	93	0	22698	329	22791
46820	1820	25519	188	0	21113	90	21301
46821	1855	26159	3	0	20659	1790	20662
46822	1813	25439	152	0	21231	497	21383
46824	1777	24753	73	0	21998	251	22071
46846	1034	11748	161	0	34937	82	35098
46863	1849	26050	106	0	20707	655	20813
46876	1742	24037	140	0	22699	645	22839
46884	1612	22092	126	0	24666	716	24792
46906	2000	28634	101	0	18171	176	18272
46947	1528	20559	168	0	26220	170	26388
46956	2657	46698	73	0	185	90	258
46964	2654	46384	58	0	522	114	580
46974	1679	23078	78	0	23818	74	23896
46976	789	7302	169	0	39505	54	39674
47005	2655	46522	41	0	442	168	483
47017	1819	25503	126	0	21388	476	21514
47018	1842	25959	48	0	21011	97	21059
47033	1911	27085	133	0	19815	1587	19948
47043	1921	27225	85	0	19733	102	19818
47044	1806	25342	120	0	21582	57	21702
47045	1668	22891	34	0	24120	106	24154
47046	1650	22582	14	0	24450	895	24464
47047	1648	22540	16	0	24491	112	24507
47048	1643	22488	45	0	24515	340	24560
47070	1865	26288	121	0	20661	90	20782
47084	1642	22454	94	0	24536	903	24630
47085	1840	25901	15	0	21169	246	21184
47086	1780	24860	6	0	22220	450	22226
47092	1760	24517	103	0	22472	1344	22575
47096	492	1991	243	0	44862	40	45105
47164	1527	20526	165	0	26473	1039	26638
47165	2659	47069	90	0	6	2	96
47166	1888	26727	2	0	20437	398	20439
47167	1854	26137	18	0	21012	75	21030
47172	1637	22318	140	0	24714	124	24854
47183	1749	24101	177	0	22905	1306	23082
47204	1845	25977	72	0	21155	408	21227
47205	1924	27243	4	0	19958	1722	19962
47207	718	5938	193	0	41076	703	41269
47215	1874	26463	65	0	20687	2579	20752
47216	1835	25813	53	0	21350	894	21403
47234	1348	17152	125	0	29957	470	30082
47278	1191	14611	165	0	32502	375	32667
47279	1815	25443	51	0	21785	374	21836
47298	1755	24364	154	0	22780	231	22934
47313	1342	17032	153	0	30128	1809	30281
47326	616	3961	202	0	43163	719	43365
47327	1700	23295	130	0	23902	2001	24032
47328	1772	24674	103	0	22551	448	22654
47358	1235	15278	133	0	31947	202	32080
47360	2663	47264	72	0	24	16	96
47408	1593	21837	163	0	25408	975	25571
47438	1794	25091	143	0	22204	458	22347
47441	2669	47349	75	0	17	9	92
47454	1026	11616	202	0	35636	126	35838
47455	2670	47386	68	0	1	1	69
47455	2668	47342	82	0	31	31	113
47479	1697	23242	109	0	24128	162	24237
47490	1012	11215	200	0	36075	740	36275
47543	1131	13435	113	0	33995	756	34108
47548	2662	47224	99	0	225	217	324
47550	1665	22865	126	0	24559	2025	24685
47551	1698	23246	5	0	24300	297	24305
47572	886	8946	199	0	38427	1001	38626
47607	2671	47390	64	0	153	153	217
47613	1831	25741	139	0	21733	493	21872
47619	1691	23162	151	0	24306	754	24457
47620	1547	20940	159	0	26521	36	26680
47664	2672	47397	57	0	210	210	267
47664	1646	22532	130	0	25002	162	25132
47692	1690	23140	149	0	24403	254	24552
47699	605	3827	193	0	43679	1060	43872
47713	2664	47270	49	0	394	394	443
47717	1808	25385	104	0	22228	546	22332
47724	1768	24591	93	0	23040	711	23133
47771	1636	22310	136	0	25325	208	25461
47801	1127	13342	193	0	34266	54	34459
47802	1602	21920	57	0	25825	2482	25882
47809	1203	14828	69	0	32912	127	32981
47810	1681	23090	60	0	24660	448	24720
47810	2677	47675	77	0	58	58	135
47811	1610	22078	19	0	25714	452	25733
47811	1720	23576	44	0	24191	76	24235
47812	1558	21203	58	0	26551	72	26609
47812	1715	23554	18	0	24240	366	24258
47813	1536	20732	62	0	27019	262	27081
47813	1714	23540	194	0	24079	40	24273
47814	1526	20526	170	0	27118	32	27288
47818	1461	18963	91	0	28764	1124	28855
47819	1446	18732	34	0	29053	516	29087
47822	825	7837	200	0	39785	57	39985
47836	1432	18489	99	0	29248	129	29347
47837	1312	16434	5	0	31398	622	31403
47869	2676	47673	93	0	103	61	196
47871	1304	16312	86	0	31473	1629	31559
47885	1546	20852	78	0	26955	1574	27033
47909	1712	23478	159	0	24272	1154	24431
47924	816	7593	191	0	40140	816	40331
47926	2666	47292	93	0	541	36	634
47930	2679	47890	30	0	10	6	40
47968	2678	47754	56	0	158	56	214
47976	1488	19594	187	0	28195	277	28382
47985	1460	18959	98	0	28928	60	29026
47993	1529	20560	127	0	27306	398	27433
47994	1373	17508	45	0	30441	110	30486
47995	1372	17475	18	0	30502	1494	30520
48012	1339	16992	61	0	30959	64	31020
48014	1246	15380	167	0	32467	142	32634
48059	1804	25243	112	0	22704	977	22816
48059	1386	17726	182	0	30151	231	30333
48067	2683	48013	8	0	46	46	54
48085	2675	47596	94	0	395	77	489
48090	2682	47963	23	0	104	104	127
48104	1832	25759	124	0	22221	156	22345
48117	1728	23752	132	0	24233	872	24365
48117	1618	22177	121	0	25819	1327	25940
48141	647	4482	188	0	43471	391	43659
48143	1014	11283	124	0	36736	362	36860
48168	1562	21283	125	0	26760	433	26885
48179	1559	21219	105	0	26855	72	26960
48190	1685	23104	161	0	24925	209	25086
48196	1185	14527	88	0	33581	1704	33669
48200	1590	21814	52	0	26334	43	26386
48233	1195	14703	96	0	33434	993	33530
48233	1615	22161	102	0	25970	1288	26072
48244	890	8956	177	0	39111	4712	39288
48245	1500	19866	163	0	28216	558	28379
48273	1205	14838	103	0	33332	380	33435
48316	1589	21792	164	0	26360	746	26524
48317	1194	14701	128	0	33488	149	33616
48318	1141	13577	94	0	34647	916	34741
48333	1151	13779	175	0	34379	572	34554
48358	1563	21313	126	0	26919	333	27045
48368	1702	23303	117	0	24948	1113	25065
48374	1587	21725	115	0	26534	817	26649
48374	1556	21183	81	0	27110	1235	27191
48404	1545	20848	82	0	27474	142	27556
48425	996	10991	167	0	37267	280	37434
48433	404	29	234	0	48170	241	48404
48439	1513	20228	123	0	28088	798	28211
48443	1471	19117	126	0	29200	192	29326
48444	1682	23091	42	0	25311	864	25353
48445	1458	18949	7	0	29489	62	29496
48447	1453	18824	125	0	29498	65	29623
48448	1434	18522	15	0	29911	2054	29926
48493	1378	17619	152	0	30722	144	30874
48494	1418	18312	137	0	30045	190	30182
48495	1408	18177	37	0	30281	800	30318
48496	1377	17592	92	0	30812	39	30904
48497	1375	17562	19	0	30916	123	30935
48498	2685	48333	59	0	106	106	165
48498	1370	17431	19	0	31048	44	31067
48499	1465	19011	6	0	29482	68	29488
48501	1363	17331	64	0	31106	56	31170
48523	1305	16344	96	0	32083	152	32179
48524	1287	15998	81	0	32445	386	32526
48525	1286	15964	97	0	32464	380	32561
48526	1284	15944	3	0	32579	269	32582
48527	1274	15792	15	0	32720	3245	32735
48528	1271	15768	33	0	32727	100	32760
48529	1270	15766	50	0	32713	114	32763
48530	1269	15764	36	0	32730	1207	32766
48534	1455	18834	110	0	29590	175	29700
48538	1258	15634	191	0	32713	244	32904
48542	1674	22951	115	0	25476	400	25591
48563	1234	15264	83	0	33216	704	33299
48567	1470	19093	165	0	29309	150	29474
48629	1570	21375	164	0	27090	267	27254
48635	1703	23337	147	0	25151	155	25298
48649	575	3448	195	0	45006	331	45201
48658	1738	23939	115	0	24604	102	24719
48659	1667	22890	98	0	25671	99	25769
48674	1392	17799	141	0	30734	134	30875
48678	1450	18785	186	0	29707	1124	29893
48696	1379	17631	91	0	30974	1182	31065
48714	2687	48582	37	0	95	44	132
48734	1644	22510	152	0	26072	62	26224
48754	987	10699	168	0	37887	292	38055
48763	1359	17298	164	0	31301	623	31465
48771	1633	22293	100	0	26378	1331	26478
48773	2686	48578	51	0	144	136	195
48785	1442	18628	92	0	30065	335	30157
48786	1578	21585	91	0	27110	86	27201
48821	1535	20728	117	0	27976	270	28093
48822	1473	19204	74	0	29544	213	29618
48823	1414	18282	35	0	30506	450	30541
48840	1582	21666	145	0	27029	116	27174
48859	1396	17887	148	0	30824	211	30972
48861	909	9254	206	0	39401	901	39607
48876	1310	16412	118	0	32346	658	32464
48878	894	9010	92	0	39776	824	39868
48909	2688	48692	64	0	153	149	217
48910	917	9491	26	0	39393	45	39419
48911	915	9487	32	0	39392	83	39424
48932	1626	22234	166	0	26532	56	26698
48935	1224	15117	147	0	33671	367	33818
48956	439	916	185	0	47855	1196	48040
48969	1353	17180	109	0	31680	560	31789
48971	1148	13649	121	0	35201	154	35322
48978	1462	18973	29	0	29976	219	30005
48979	1341	17014	24	0	31941	118	31965
48980	1204	14834	50	0	34096	394	34146
48989	914	9485	151	0	39353	43	39504
49003	1381	17674	113	0	31216	547	31329
49004	1138	13543	106	0	35355	842	35461
49024	1404	18083	122	0	30819	261	30941
49037	1352	17174	118	0	31745	449	31863
49041	1361	17317	179	0	31545	478	31724
49050	1550	20985	149	0	27916	477	28065
49053	1374	17514	129	0	31410	301	31539
49098	1440	18599	106	0	30393	1330	30499
49099	972	10456	18	0	38625	1779	38643
49100	960	10326	3	0	38771	599	38774
49101	952	10209	70	0	38822	863	38892
49102	1332	16821	123	0	32158	268	32281
49104	876	8797	118	0	40189	378	40307
49119	1296	16137	183	0	32799	1206	32982
49172	1430	18471	146	0	30555	143	30701
49184	922	9569	177	0	39438	1507	39615
49187	1176	14241	145	0	34801	76	34946
49188	860	8596	156	0	40436	173	40592
49189	1387	17744	53	0	31392	778	31445
49201	830	8027	121	0	41053	495	41174
49228	1293	16087	101	0	33040	2136	33141
49236	1343	17062	182	0	31992	283	32174
49262	1251	15494	114	0	33654	534	33768
49265	1290	16069	141	0	33055	142	33196
49272	1106	13015	66	0	36191	538	36257
49298	538	2830	221	0	46247	257	46468
49322	1323	16664	136	0	32522	640	32658
49323	1421	18358	113	0	30852	136	30965
49323	1262	15663	115	0	33545	213	33660
49336	1066	12356	160	0	36820	391	36980
49385	1338	16986	125	0	32274	1380	32399
49386	1061	12272	5	0	37109	879	37114
49396	1499	19850	179	0	29367	111	29546
49403	1032	11710	193	0	37500	210	37693
49408	1280	15926	151	0	33331	743	33482
49451	1196	14711	119	0	34621	76	34740
49452	1093	12811	6	0	36635	80	36641
49453	1085	12775	27	0	36651	443	36678
49454	1080	12686	7	0	36761	125	36768
49455	1079	12682	19	0	36754	49	36773
49456	1077	12679	57	0	36720	541	36777
49456	1244	15349	189	0	33918	535	34107
49468	895	9032	183	0	40253	134	40436
49498	988	10700	167	0	38631	336	38798
49520	1076	12567	151	0	36802	91	36953
49521	1309	16402	20	0	33099	1160	33119
49534	1129	13372	165	0	35997	1180	36162
49535	1413	18281	93	0	31161	119	31254
49536	1237	15301	52	0	34183	229	34235
49540	784	7246	210	0	42084	550	42294
49584	698	5350	185	0	44049	546	44234
49584	1054	12095	172	0	37317	708	37489
49622	1264	15718	143	0	33761	164	33904
49630	1298	16147	111	0	33372	696	33483
49636	1231	15224	68	0	34344	449	34412
49637	1230	15220	82	0	34335	62	34417
49650	1021	11499	171	0	37980	262	38151
49675	1150	13776	130	0	35769	715	35899
49676	1139	13549	84	0	36043	460	36127
49678	999	11031	229	0	38418	56	38647
49694	1159	13867	165	0	35662	584	35827
49695	1174	14215	70	0	35410	518	35480
49750	813	7550	183	0	42017	749	42200
49751	1126	13332	200	0	36219	701	36419
49752	1217	15045	101	0	34606	497	34707
49758	1175	14231	164	0	35363	158	35527
49758	1137	13537	133	0	36088	68	36221
49759	853	8508	38	0	41213	405	41251
49771	1186	14531	126	0	35114	119	35240
49800	1254	15512	102	0	34186	988	34288
49801	1103	12995	126	0	36680	478	36806
49823	1256	15587	98	0	34138	759	34236
49828	839	8187	172	0	41469	385	41641
49846	901	9151	158	0	40537	531	40695
49860	1199	14775	104	0	34981	480	35085
49866	1451	18792	121	0	30953	243	31074
49899	858	8578	179	0	41142	532	41321
49926	1182	14327	136	0	35463	404	35599
49926	967	10398	143	0	39385	1769	39528
49927	1112	13110	72	0	36745	249	36817
49930	786	7276	187	0	42467	915	42654
49944	1098	12941	105	0	36898	560	37003
49945	810	7516	70	0	42359	1072	42429
49946	1074	12532	89	0	37325	252	37414
49946	808	7473	18	0	42455	120	42473
49947	1043	11883	2	0	38062	276	38064
49948	1028	11642	12	0	38294	1371	38306
49951	807	7466	75	0	42410	1718	42485
49952	1116	13144	31	0	36777	1443	36808
49957	1167	14106	130	0	35721	381	35851
49958	1184	14341	124	0	35493	368	35617
49959	1114	13129	17	0	36813	1368	36830
49975	1081	12696	90	0	37189	3008	37279
49984	1027	11622	111	0	38251	373	38362
50024	1092	12809	166	0	37049	104	37215
50029	405	31	233	0	49765	69	49998
50029	1096	12895	188	0	36946	341	37134
50030	1226	15186	42	0	34802	1428	34844
50047	1520	20416	98	0	29533	279	29631
50048	1013	11265	22	0	38761	493	38783
50060	1015	11289	187	0	38584	662	38771
50102	1057	12161	193	0	37748	622	37941
50103	1003	11126	91	0	38886	798	38977
50103	1002	11105	165	0	38833	128	38998
50104	995	10971	55	0	39078	168	39133
50104	945	10079	100	0	39925	168	40025
50105	991	10909	51	0	39145	204	39196
50110	1100	12985	146	0	36979	1321	37125
50110	989	10887	119	0	39104	86	39223
50123	992	10911	241	0	38971	121	39212
50124	968	10402	63	0	39659	658	39722
50151	892	8982	159	0	41010	186	41169
50170	1190	14579	109	0	35482	803	35591
50173	1051	12009	171	0	37993	448	38164
50174	1035	11762	20	0	38392	192	38412
50175	1025	11606	2	0	38567	60	38569
50195	961	10338	145	0	39712	730	39857
50208	739	6358	207	0	43643	1721	43850
50226	1016	11363	133	0	38730	584	38863
50227	717	5934	39	0	44254	757	44293
50256	1162	13892	154	0	36210	1600	36364
50257	748	6633	41	0	43583	1249	43624
50258	727	6081	256	0	43921	34	44177
50266	778	7020	161	0	43085	176	43246
50274	1188	14567	108	0	35599	114	35707
50275	747	6584	177	0	43514	614	43691
50293	724	6040	128	0	44125	599	44253
50310	715	5920	158	0	44232	1737	44390
50311	1169	14136	129	0	36046	90	36175
50312	1105	13003	42	0	37267	1586	37309
50313	1153	13816	23	0	36474	475	36497
50314	1063	12310	9	0	37995	478	38004
50315	1008	11187	73	0	39055	1133	39128
50330	1104	13001	136	0	37193	148	37329
50331	1113	13117	40	0	37174	488	37214
50339	1111	13106	121	0	37112	691	37233
50344	1115	13133	203	0	37008	278	37211
50366	1055	12103	170	0	38093	344	38263
50367	937	9923	26	0	40418	324	40444
50368	604	3814	195	0	46359	116	46554
50368	936	9919	65	0	40384	1889	40449
50369	935	9913	24	0	40432	73	40456
50370	932	9814	59	0	40497	161	40556
50372	928	9676	101	0	40595	2228	40696
50380	976	10503	220	0	39657	838	39877
50410	925	9632	170	0	40608	1349	40778
50419	1128	13360	114	0	36945	123	37059
50420	1095	12870	43	0	37507	133	37550
50421	911	9469	6	0	40946	598	40952
50426	1178	14277	176	0	35973	248	36149
50427	1050	11987	193	0	38247	37	38440
50428	765	6847	22	0	43559	60	43581
50441	918	9503	201	0	40737	1119	40938
50450	446	990	185	0	49275	1490	49460
50471	969	10408	118	0	39945	180	40063
50473	902	9170	131	0	41172	1296	41303
50500	758	6725	195	0	43580	384	43775
50512	420	403	130	0	49979	61	50109
50519	801	7406	129	0	42984	903	43113
50551	965	10348	145	0	40058	485	40203
50552	1049	11983	150	0	38419	261	38569
50570	891	8958	175	0	41437	80	41612
50587	479	1817	169	0	48601	480	48770
50590	726	6079	186	0	44325	1094	44511
50607	947	10133	146	0	40328	134	40474
50608	1067	12359	30	0	38219	62	38249
50616	720	5962	121	0	44533	1300	44654
50618	879	8862	129	0	41627	991	41756
50623	772	6945	80	0	43598	650	43678
50646	528	2664	183	0	47799	229	47982
50654	877	8804	158	0	41692	730	41850
50685	668	4800	184	0	45701	140	45885
50697	817	7609	179	0	42909	1035	43088
50699	503	2297	168	0	48234	1037	48402
50706	804	7430	86	0	43190	983	43276
50707	994	10925	2	0	39780	394	39782
50732	875	8783	168	0	41781	1264	41949
50733	846	8334	85	0	42314	184	42399
50734	831	8067	88	0	42579	418	42667
50735	827	7926	8	0	42801	1224	42809
50751	963	10340	143	0	40268	290	40411
50754	617	3962	155	0	46637	2050	46792
50777	623	4059	197	0	46521	124	46718
50780	670	4812	141	0	45827	117	45968
50790	783	7223	121	0	43446	127	43567
50791	1073	12467	63	0	38261	447	38324
50792	966	10382	97	0	40313	682	40410
50793	930	9768	37	0	40988	801	41025
50797	863	8638	37	0	42122	586	42159
50818	903	9188	118	0	41512	2847	41630
50821	868	8697	128	0	41996	2514	42124
50822	864	8656	34	0	42132	1633	42166
50823	850	8385	37	0	42401	2088	42438
50824	829	7967	25	0	42832	64	42857
50825	790	7318	75	0	43432	801	43507
50826	769	6897	42	0	43887	631	43929
50827	768	6863	69	0	43895	517	43964
50828	735	6320	21	0	44487	954	44508
50837	1018	11424	134	0	39279	1141	39413
50838	657	4648	188	0	46002	223	46190
50838	675	4885	115	0	45838	4996	45953
50841	667	4798	109	0	45934	2468	46043
50842	643	4446	76	0	46320	1452	46396
50843	642	4441	6	0	46396	225	46402
50857	820	7735	124	0	42998	3560	43122
50858	757	6707	39	0	44112	525	44151
50870	716	5924	96	0	44850	58	44946
50883	634	4348	202	0	46333	1640	46535
50885	632	4314	204	0	46367	157	46571
50886	618	3999	23	0	46864	64	46887
50916	777	7017	164	0	43735	282	43899
50932	658	4650	155	0	46127	1335	46282
50933	974	10484	26	0	40423	675	40449
50934	742	6434	74	0	44426	1719	44500
50935	673	4824	129	0	45982	504	46111
50949	482	1851	174	0	48924	41	49098
50958	781	7210	36	0	43712	1292	43748
50959	779	7167	37	0	43755	43	43792
50961	598	3743	184	0	47034	73	47218
50969	736	6336	129	0	44504	1657	44633
50970	669	4806	3	0	46161	722	46164
50971	663	4764	52	0	46155	169	46207
50972	627	4241	91	0	46640	2006	46731
50973	818	7636	89	0	43248	431	43337
50988	639	4383	156	0	46449	543	46605
50989	631	4295	64	0	46630	459	46694
50990	622	4047	45	0	46898	218	46943
50991	767	6861	187	0	43943	1324	44130
50991	620	4037	3	0	46951	194	46954
50992	607	3892	77	0	47023	543	47100
50993	594	3704	99	0	47190	2236	47289
50994	582	3553	55	0	47386	379	47441
50995	787	7282	132	0	43581	1358	43713
50996	719	5954	8	0	45034	739	45042
50997	587	3623	37	0	47337	925	47374
50998	558	3088	72	0	47838	531	47910
51017	569	3342	154	0	47521	969	47675
51018	544	2860	17	0	48141	1041	48158
51019	542	2847	30	0	48142	774	48172
51020	535	2803	41	0	48176	764	48217
51021	519	2529	58	0	48434	1226	48492
51022	518	2515	6	0	48501	55	48507
51031	1064	12328	170	0	38533	111	38703
51032	1071	12393	114	0	38525	1664	38639
51046	857	8550	116	0	42380	1976	42496
51047	854	8518	84	0	42445	52	42529
51048	803	7418	37	0	43593	819	43630
51049	791	7326	88	0	43635	857	43723
51049	546	2892	133	0	48024	1840	48157
51050	782	7214	93	0	43743	180	43836
51052	517	2497	159	0	48396	405	48555
51059	504	2305	148	0	48606	3163	48754
51063	579	3488	159	0	47416	1522	47575
51071	507	2331	131	0	48609	50	48740
51072	468	1529	81	0	49462	146	49543
51073	465	1471	15	0	49587	156	49602
51082	571	3381	155	0	47546	1637	47701
51083	533	2754	79	0	48250	304	48329
51084	527	2662	77	0	48345	526	48422
51085	524	2618	55	0	48412	70	48467
51122	625	4199	154	0	46769	2762	46923
51127	421	424	128	0	50575	544	50703
51129	624	4179	115	0	46835	307	46950
51130	487	1945	228	0	48957	400	49185
51131	851	8413	85	0	42633	1705	42718
51132	800	7394	92	0	43646	138	43738
51133	672	4822	81	0	46230	2478	46311
51134	523	2606	147	0	48381	96	48528
51134	651	4588	37	0	46509	1820	46546
51137	588	3633	84	0	47420	1967	47504
51152	586	3609	132	0	47411	484	47543
51160	743	6458	115	0	44587	535	44702
51162	462	1379	66	0	49717	1543	49783
51164	600	3747	153	0	47264	75	47417
51170	845	8326	93	0	42751	381	42844
51182	432	673	129	0	50380	2723	50509
51183	798	7358	105	0	43720	713	43825
51184	474	1667	146	0	49371	290	49517
51186	550	2938	122	0	48126	1165	48248
51187	424	455	155	0	50577	1091	50732
51188	578	3471	24	0	47693	288	47717
51189	596	3733	230	0	47226	1041	47456
51190	570	3372	130	0	47688	525	47818
51191	556	3031	54	0	48106	640	48160
51192	545	2861	16	0	48315	1018	48331
51193	536	2805	36	0	48352	33	48388
51194	531	2744	50	0	48400	191	48450
51195	522	2600	59	0	48536	44	48595
51196	520	2538	19	0	48639	1732	48658
51197	516	2445	24	0	48728	373	48752
51199	475	1687	258	0	49254	34	49512
51200	463	1393	66	0	49741	1961	49807
51205	473	1661	86	0	49458	206	49544
51210	429	517	185	0	50508	654	50693
51210	460	1306	114	0	49790	1352	49904
51211	454	1209	164	0	49838	37	50002
51212	422	425	61	0	50726	1204	50787
51213	412	309	68	0	50836	80	50904
51215	580	3539	158	0	47518	300	47676
51217	464	1406	53	0	49758	869	49811
51219	419	401	28	0	50790	55	50818
51221	415	335	52	0	50834	621	50886
51223	680	4930	140	0	46153	2466	46293
51225	451	1163	102	0	49960	496	50062
51227	562	3121	131	0	47975	944	48106
51229	771	6939	64	0	44226	1637	44290
51231	564	3242	77	0	47912	60	47989
265	402	19	245	0	1	0	246
388	414	328	59	0	1	0	60
419	416	352	62	0	5	0	67
419	410	303	107	0	9	90	116
807	431	671	131	0	5	0	136
1141	445	950	186	0	5	0	191
1141	443	940	196	0	5	40	201
1446	461	1368	77	0	1	15	78
1891	436	879	75	0	937	356	1012
2232	489	1963	260	0	9	0	269
2493	506	2331	157	0	5	0	162
2493	505	2328	160	0	5	0	165
2799	532	2745	49	0	5	0	54
3061	549	2924	136	0	1	0	137
3121	423	428	124	0	2569	89	2693
3747	526	2638	5	0	1104	0	1109
3888	406	281	267	0	3340	1534	3607
3934	499	2273	254	0	1407	76	1661
4631	655	4616	14	0	1	0	15
4631	654	4611	19	0	1	0	20
4631	656	4621	9	0	1	0	10
4885	537	2825	201	0	1859	1473	2060
4920	671	4820	83	0	17	0	100
5182	427	490	175	0	4517	686	4692
5183	467	1519	29	0	3635	104	3664
5216	682	4940	267	0	9	0	276
5296	692	5281	14	0	1	0	15
5378	568	3332	186	0	1860	1632	2046
5540	699	5355	180	0	5	0	185
5599	567	3304	227	0	2068	467	2295
5727	707	5626	96	0	5	0	101
5727	706	5620	102	0	5	0	107
5946	490	1967	42	0	3937	1375	3979
5946	484	1871	43	0	4032	893	4075
6020	576	3465	228	0	2327	469	2555
6066	551	2945	199	0	2922	1050	3121
6095	561	3117	222	0	2756	1147	2978
6169	725	6047	121	0	1	0	122
6312	428	510	192	0	5610	703	5802
6320	597	3735	225	0	2360	2218	2585
6386	645	4458	203	0	1725	126	1928
6622	409	300	206	0	6116	113	6322
6622	408	299	207	0	6116	98	6323
6769	426	484	232	0	6053	1378	6285
7007	442	930	16	0	6061	545	6077
7165	775	6987	165	0	13	30	178
7165	774	6972	180	0	13	0	193
7668	702	5580	173	0	1915	688	2088
7728	539	2832	44	0	4852	2112	4896
7734	819	7650	79	0	5	0	84
7823	552	2965	55	0	4803	66	4858
7965	495	2120	196	0	5649	253	5845
8017	708	5643	276	0	2098	675	2374
8220	641	4421	233	0	3566	811	3799
8283	601	3771	187	0	4325	123	4512
8320	842	8221	98	0	1	0	99
8320	841	8210	105	0	5	63	110
8334	737	6342	137	0	1855	1701	1992
8468	797	7352	60	0	1056	200	1116
8516	469	1529	188	0	6799	150	6987
8590	795	7338	107	0	1145	1220	1252
8675	859	8579	87	0	9	0	96
8689	563	3125	98	0	5466	79	5564
8762	871	8704	49	0	9	0	58
8762	869	8697	56	0	9	0	65
8764	636	4375	218	0	4171	54	4389
8926	540	2834	32	0	6060	1261	6092
9258	595	3716	2	0	5540	2822	5542
9338	437	906	26	0	8406	1338	8432
9419	434	707	215	0	8497	2073	8712
9462	908	9231	230	0	1	0	231
9462	906	9220	237	0	5	0	242
9515	916	9489	25	0	1	0	26
9515	913	9480	34	0	1	0	35
9680	508	2363	253	0	7064	195	7317
9796	660	4732	92	0	4972	912	5064
9826	481	1828	197	0	7801	312	7998
9858	927	9673	176	0	9	0	185
9858	926	9658	191	0	9	170	200
10052	666	4796	117	0	5139	73	5256
10065	610	3936	150	0	5979	2600	6129
10459	733	6225	200	0	4034	490	4234
10459	630	4289	203	0	5967	59	6170
10526	661	4736	194	0	5596	1004	5790
10538	584	3585	84	0	6869	304	6953
10864	714	5878	126	0	4860	1051	4986
10872	985	10675	192	0	5	0	197
10968	880	8864	14	0	2090	1049	2104
10989	837	8161	161	0	2667	729	2828
11088	806	7454	244	0	3390	791	3634
11262	809	7493	227	0	3542	279	3769
11497	898	9100	222	0	2175	664	2397
11752	1023	11537	202	0	13	81	215
11880	1040	11831	36	0	13	0	49
11880	1039	11830	37	0	13	0	50
11903	662	4738	38	0	7127	2029	7165
11974	1047	11969	4	0	1	0	5
11974	1046	11960	13	0	1	0	14
11974	644	4452	246	0	7276	848	7522
12029	684	4952	46	0	7031	2390	7077
12146	592	3692	229	0	8225	172	8454
12336	855	8524	179	0	3633	981	3812
12374	674	4879	141	0	7354	51	7495
12559	889	8956	124	0	3479	326	3603
12603	583	3561	136	0	8906	188	9042
12733	585	3587	82	0	9064	883	9146
13081	896	9062	244	0	3775	983	4019
13111	1075	12553	215	0	343	500	558
13358	650	4586	24	0	8748	1400	8772
13358	608	3910	26	0	9422	497	9448
13364	689	5242	131	0	7991	328	8122
13445	554	3023	264	0	10158	655	10422
13453	1120	13202	234	0	17	0	251
13467	1083	12743	160	0	564	89	724
13673	1037	11789	239	0	1645	855	1884
13776	1147	13644	127	0	5	0	132
13776	1146	13630	141	0	5	0	146
13910	577	3469	22	0	10419	1727	10441
14056	1062	12281	176	0	1599	1272	1775
14279	483	1870	277	0	12132	258	12409
14474	1183	14332	133	0	9	141	142
14667	498	2234	177	0	12256	1104	12433
14724	705	5603	134	0	8987	270	9121
14724	573	3430	145	0	11149	463	11294
14769	881	8868	143	0	5758	42	5901
14769	764	6835	149	0	7785	154	7934
14942	488	1947	55	0	12940	569	12995
14962	885	8916	196	0	5850	720	6046
14980	1212	14968	11	0	1	0	12
14980	1211	14966	13	0	1	0	14
14981	1213	14972	8	0	1	0	9
15039	1084	12749	154	0	2136	633	2290
15039	731	6207	195	0	8637	894	8832
15057	541	2844	79	0	12134	416	12213
15216	1225	15138	73	0	5	0	78
15216	1222	15093	118	0	5	0	123
15222	456	1229	254	0	13739	875	13993
15250	1135	13499	212	0	1539	820	1751
15269	843	8249	233	0	6787	248	7020
15457	1248	15404	52	0	1	0	53
15457	1247	15403	53	0	1	0	54
15475	1243	15335	131	0	9	0	140
15475	1239	15311	155	0	9	0	164
15591	485	1911	59	0	13621	679	13680
15660	1252	15498	149	0	13	0	162
15660	1250	15493	154	0	13	0	167
15762	1143	13585	166	0	2011	680	2177
15845	1160	13869	46	0	1930	365	1976
15856	1155	13829	117	0	1910	303	2027
15985	581	3545	63	0	12377	2729	12440
16120	1282	15937	174	0	9	0	183
16349	1303	16234	102	0	13	0	115
16349	1301	16218	118	0	13	118	131
16384	690	5260	183	0	10941	360	11124
16458	975	10497	225	0	5736	104	5961
16601	1319	16535	61	0	5	0	66
16845	1058	12223	134	0	4488	348	4622
16940	1329	16710	217	0	13	61	230
17232	730	6174	124	0	10934	1935	11058
17258	1350	17159	94	0	5	0	99
17258	1349	17156	97	0	5	0	102
17261	1356	17213	47	0	1	0	48
17261	1355	17204	56	0	1	0	57
17397	888	8952	171	0	8274	228	8445
17436	1253	15502	28	0	1906	1174	1934
17556	1368	17376	159	0	21	91	180
17556	1367	17366	169	0	21	0	190
17692	828	7953	180	0	9559	411	9739
17738	770	6909	107	0	10722	261	10829
17900	933	9865	152	0	7883	595	8035
17900	515	2443	183	0	15274	123	15457
17937	593	3700	74	0	14163	1024	14237
17945	766	6855	217	0	10873	58	11090
17957	1390	17768	184	0	5	0	189
17957	1389	17766	186	0	5	0	191
18019	1232	15248	142	0	2629	234	2771
18088	664	4768	146	0	13174	40	13320
18182	1406	18088	89	0	5	0	94
18182	1402	18064	109	0	9	0	118
18250	1360	17316	219	0	715	59	934
18442	619	4019	127	0	14296	697	14423
18548	1420	18345	186	0	17	153	203
18548	1419	18343	188	0	17	0	205
18621	1437	18565	55	0	1	0	56
18621	1436	18554	66	0	1	0	67
18785	1399	18021	72	0	692	277	764
18938	603	3812	122	0	15004	179	15126
18958	1454	18829	120	0	9	120	129
19087	1056	12113	203	0	6771	330	6974
19225	1469	19025	199	0	1	0	200
19225	1468	19024	200	0	1	0	201
19404	1173	14205	146	0	5053	1109	5199
19497	835	8113	123	0	11261	671	11384
19497	646	4466	267	0	14764	62	15031
19555	1483	19390	152	0	13	0	165
19802	1489	19607	174	0	21	0	195
19953	1426	18418	152	0	1383	1257	1535
20006	688	5237	209	0	14560	61	14769
20090	1497	19831	81	0	178	109	259
20095	1121	13214	51	0	6830	195	6881
20179	1493	19690	194	0	295	169	489
20232	1140	13571	94	0	6567	562	6661
20303	1509	20102	192	0	9	130	201
20303	1508	20099	195	0	9	0	204
20765	1538	20754	10	0	1	0	11
20931	1544	20823	107	0	1	1	108
20931	1543	20813	117	0	1	0	118
21003	1400	18023	156	0	2824	930	2980
21003	1214	14989	170	0	5844	1467	6014
21639	1575	21496	142	0	1	0	143
21639	1574	21486	148	0	5	87	153
21852	1405	18087	213	0	3552	111	3765
21929	1601	21919	9	0	1	0	10
21929	1600	21910	18	0	1	0	19
22125	1554	21161	118	0	846	625	964
22140	1609	22055	76	0	9	0	85
22140	1607	22047	84	0	9	0	93
22229	1623	22226	2	0	1	0	3
22229	1622	22225	3	0	1	0	4
22427	1125	13330	219	0	8878	681	9097
22806	1655	22673	132	0	1	0	133
23042	1651	22614	207	0	221	76	428
23075	1671	22930	132	0	13	125	145
23137	1688	23127	9	0	1	0	10
23137	1687	23125	11	0	1	0	12
23434	1701	23299	126	0	9	0	135
23647	722	6018	237	0	17392	306	17629
23825	1730	23757	67	0	1	0	68
23825	1729	23755	69	0	1	0	70
23954	1716	23556	95	0	303	302	398
24279	1748	24097	181	0	1	0	182
24279	1747	24095	183	0	1	1	184
24520	1753	24337	182	0	1	0	183
24639	1770	24619	19	0	1	0	20
24639	1769	24612	22	0	5	0	27
24644	1171	14158	223	0	10263	1116	10486
24805	1775	24721	83	0	1	19	84
24810	1673	22947	160	0	1703	273	1863
24944	1724	23684	151	0	1109	176	1260
25032	1791	24986	41	0	5	0	46
25032	1789	24958	69	0	5	0	74
25075	1571	21429	205	0	3441	209	3646
25360	1803	25235	120	0	5	110	125
25444	1482	19383	137	0	5924	1161	6061
25696	834	8087	220	0	17389	68	17609
26112	1654	22636	197	0	3279	625	3476
26157	1851	26069	87	0	1	0	88
26321	1201	14805	203	0	11313	425	11516
26933	1899	26865	59	0	9	0	68
26933	1898	26844	80	0	9	0	89
26938	1896	26816	109	0	13	0	122
27384	1930	27351	32	0	1	0	33
27384	1929	27344	39	0	1	0	40
27793	1943	27617	145	0	31	34	176
28058	1972	28050	7	0	1	0	8
28142	1975	28081	56	0	5	0	61
28142	1974	28076	61	0	5	0	66
28365	1989	28328	36	0	1	0	37
28365	1988	28314	46	0	5	0	51
28450	1427	18422	208	0	9820	659	10028
28585	1995	28474	110	0	1	0	111
28906	2014	28833	72	0	1	0	73
28906	2012	28826	79	0	1	0	80
28939	1805	25250	155	0	3534	741	3689
28960	1992	28440	76	0	444	0	520
29135	1950	27753	193	0	1189	224	1382
29353	1963	27949	75	0	1329	55	1404
29475	1621	22211	199	0	7065	139	7264
29490	2015	28849	175	0	466	474	641
29808	1580	21657	157	0	7994	96	8151
29832	2062	29717	110	0	5	79	115
29899	1094	12842	9	0	17048	179	17057
29982	2070	29895	86	0	1	0	87
29982	2069	29889	92	0	1	75	93
30028	1425	18404	146	0	11478	369	11624
30148	2075	30010	137	0	1	126	138
30148	2074	30007	140	0	1	5	141
30612	2095	30460	143	0	9	0	152
30612	2093	30457	146	0	9	112	155
30895	2110	30745	145	0	5	0	150
31149	2018	28994	107	0	2048	120	2155
31417	2131	31284	124	0	9	0	133
31417	2130	31279	129	0	9	0	138
31729	2154	31608	120	0	1	0	121
31915	2144	31464	181	0	270	244	451
31958	1856	26162	147	0	5649	1244	5796
32097	2172	31985	107	0	5	52	112
32097	2171	31983	109	0	5	0	114
32602	2204	32472	125	0	5	97	130
32602	2203	32462	135	0	5	0	140
32776	2207	32606	161	0	9	7	170
32790	1731	23834	191	0	8765	1366	8956
33193	1822	25569	48	0	7576	59	7624
33291	1718	23564	108	0	9619	178	9727
33393	2239	33294	98	0	1	0	99
33393	2237	33281	111	0	1	0	112
33769	1793	25087	174	0	8508	303	8682
33940	2265	33823	108	0	9	0	117
33940	2264	33822	109	0	9	0	118
34157	2277	34151	5	0	1	0	6
34157	2276	34146	10	0	1	0	11
34157	2274	34094	58	0	5	59	63
34463	1006	11140	132	0	23191	640	23323
35001	1154	13817	195	0	20989	31	21184
35355	2313	35249	101	0	5	0	106
35355	2312	35246	104	0	5	0	109
35772	2332	35742	29	0	1	0	30
35772	2331	35733	38	0	1	0	39
35973	2341	35916	56	0	1	0	57
35973	2340	35910	62	0	1	0	63
36127	1525	20506	154	0	15467	972	15621
36292	1313	16488	208	0	19596	787	19804
36619	1517	20326	110	0	16183	48	16293
36911	822	7776	214	0	28921	49	29135
37027	944	10049	147	0	26831	150	26978
37273	2394	37237	35	0	1	0	36
37273	2391	37208	56	0	9	0	65
37410	2399	37337	68	0	5	0	73
37410	2398	37322	83	0	5	14	88
37509	2404	37485	23	0	1	0	24
37637	1036	11783	196	0	25658	1379	25854
37647	2409	37608	38	0	1	26	39
37647	2408	37602	44	0	1	36	45
37722	2416	37714	7	0	1	0	8
37722	2415	37709	12	0	1	0	13
37808	2424	37796	11	0	1	0	12
38042	2433	37978	55	0	9	0	64
38042	2432	37976	57	0	9	0	66
38082	2436	38067	14	0	1	0	15
38082	1283	15938	194	0	21950	534	22144
38137	1605	22018	56	0	16063	108	16119
38236	1511	20145	186	0	17905	445	18091
38870	2462	38807	58	0	5	20	63
38937	2457	38767	43	0	127	54	170
39173	1007	11177	222	0	27774	326	27996
39485	2224	32938	153	0	6394	732	6547
39653	848	8341	226	0	31086	174	31312
40031	2493	39981	45	0	5	16	50
40031	2492	39976	50	0	5	0	55
40103	2315	35275	119	0	4709	608	4828
40191	2500	40171	19	0	1	0	20
40191	2499	40168	22	0	1	0	23
40365	1523	20454	184	0	19727	84	19911
40936	2181	32146	45	0	8745	1047	8790
40972	1495	19819	181	0	20972	30	21153
41055	2345	36016	87	0	4952	477	5039
41168	2526	41055	108	0	5	0	113
41168	2525	41051	112	0	5	0	117
41342	2532	41220	117	0	5	57	122
41342	2531	41214	123	0	5	0	128
41408	2183	32184	139	0	9085	790	9224
41410	1362	17320	183	0	23907	59	24090
41852	2549	41761	86	0	5	0	91
41852	2548	41756	91	0	5	0	96
42163	2551	41827	54	0	282	156	336
42403	2569	42375	27	0	1	0	28
42403	2567	42362	40	0	1	0	41
42420	1561	21261	186	0	20973	101	21159
42458	2560	42085	102	0	271	299	373
42458	2559	42078	109	0	271	0	380
42846	1314	16490	206	0	26150	2779	26356
43578	2292	34729	113	0	8736	56	8849
44048	1910	27083	68	0	16897	206	16965
44144	2105	30693	46	0	13405	437	13451
44234	1294	16091	171	0	27972	515	28143
44287	2609	44225	57	0	5	0	62
44287	2608	44212	70	0	5	60	75
44530	2616	44450	79	0	1	18	80
44530	2615	44441	88	0	1	0	89
45035	2104	30665	32	0	14338	144	14370
45238	1958	27892	149	0	17197	876	17346
45369	2627	45086	96	0	187	0	283
45395	1403	18079	36	0	27280	749	27316
45517	1883	26589	62	0	18866	772	18928
45518	1152	13794	23	0	31701	763	31724
45568	2146	31474	28	0	14066	1520	14094
45568	878	8822	58	0	36688	40	36746
45609	1592	21830	69	0	23710	335	23779
45752	1337	16978	136	0	28638	324	28774
45812	1216	15017	172	0	30623	64	30795
45858	2048	29529	144	0	16185	44	16329
46070	2644	46061	8	0	1	0	9
46070	2643	46055	14	0	1	0	15
46408	2651	46341	62	0	5	0	67
46408	2649	46320	83	0	5	38	88
46419	799	7386	182	0	38851	54	39033
46608	1816	25445	163	0	21000	80	21163
46964	2658	46892	54	0	18	0	72
46976	836	8151	166	0	38659	369	38825
47048	1676	22971	43	0	24034	120	24077
47165	2661	47088	72	0	5	76	77
47165	2660	47076	84	0	5	0	89
47207	749	6641	192	0	40374	2913	40566
47360	2667	47295	56	0	9	0	65
47360	2665	47281	70	0	9	47	79
47455	2673	47410	44	0	1	0	45
47543	1456	18838	105	0	28600	1055	28705
47699	676	4887	192	0	42620	315	42812
47809	2674	47514	7	0	288	228	295
47930	2681	47901	24	0	5	0	29
47930	2680	47900	25	0	5	0	30
48143	1242	15331	103	0	32709	181	32812
48200	2684	48069	11	0	120	94	131
48317	1233	15254	126	0	32937	1732	33063
48530	1336	16971	35	0	31524	1279	31559
48956	805	7443	169	0	41344	1340	41513
48971	2689	48757	35	0	179	0	214
49262	1376	17588	107	0	31567	686	31674
49386	1117	13172	2	0	36212	126	36214
49451	1215	15002	117	0	34332	1028	34449
49584	1275	15820	165	0	33599	86	33764
49622	1277	15882	142	0	33598	1087	33740
49801	1136	13515	124	0	36162	778	36286
49899	1011	11213	171	0	38515	890	38686
49927	1177	14267	59	0	35601	1643	35660
49945	1156	13844	60	0	36041	813	36101
50029	438	914	203	0	48912	609	49115
50275	931	9772	168	0	40335	271	40503
50367	1068	12362	20	0	37985	187	38005
50751	982	10630	142	0	39979	273	40121
50777	694	5316	195	0	45266	24	45461
50971	872	8719	36	0	42216	1117	42252
50990	628	4265	44	0	46681	346	46725
50994	865	8658	36	0	42300	43	42336
51018	793	7334	7	0	43677	1296	43684
51211	458	1266	143	0	49802	616	49945
51213	417	389	67	0	50757	463	50824


Processes: 2689
Avg WT = 12327,	Avg RT = 448,	Avg TRT = 12452
% Of Process Completed Before Deadline = 0
Migration %: 1396	RTF = 3,	MaxW = 96
Work Steal %: 4010
Forked Process: 85%
Killed Process: 15%


Processors:7 [2 FCFS, 1 SJF, 1 RR, 3 EDF ]
Processors Load 
P1 = 8.52522 %, P2 = 9.11264 %, P3 = 14.462 %, P4 = 10.5882 %, P5 = 14.4081 %, P6 = 14.4257 %, P7 = 14.4504 %, 


Processors Utiliz 
P1 = 58 %, P2 = 62 %, P3 = 99 %, P4 = 72 %, P5 = 99 %, P6 = 99 %, P7 = 99 %, 
Avg utilization = 84 %