TT	PID	AT	CT	IO_D	WT	RT	TRT
190	3	12	174	0	4	1	178
196	4	17	163	5	16	1	179
236	5	22	138	12	76	37	214
241	40	119	15	0	107	0	122
280	255	23	243	0	14	8	257
283	10	33	34	12	216	1	250
339	1	2	264	22	73	1	337
385	272	357	18	0	10	10	28
398	18	54	19	13	325	232	344
399	15	52	64	16	283	203	347
420	265	307	98	0	15	12	113
439	20	55	15	16	369	228	384
459	43	135	10	24	314	28	324
592	275	437	152	0	3	3	155
615	16	53	243	5	319	143	562
631	279	459	157	0	15	12	172
638	31	88	35	33	515	229	550
689	290	645	29	0	15	15	44
703	9	32	193	10	478	1	671
813	8	26	154	7	633	3	787
813	36	107	211	16	495	1	706
817	66	213	14	16	590	102	604
820	24	71	276	0	473	306	749
831	57	187	107	15	537	132	644
865	27	73	100	18	692	208	792
936	247	831	104	0	1	1	105
960	224	765	43	0	152	0	195
972	214	730	235	0	7	1	242
973	19	55	257	8	661	1	918
1056	12	39	162	6	855	1	1017
1063	29	80	186	12	797	56	983
1087	37	107	215	22	765	1	980
1090	52	164	36	0	890	72	926
1184	316	1015	159	0	10	4	169
1196	32	91	224	11	881	73	1105
1200	30	87	149	16	964	254	1113
1210	104	338	286	0	586	572	872
1245	61	192	20	5	1033	74	1053
1246	13	45	185	7	1016	338	1201
1265	330	1187	61	0	17	17	78
1283	51	161	73	11	1049	645	1122
1308	93	303	15	0	990	809	1005
1340	21	59	182	29	1099	232	1281
1341	59	192	123	19	1026	1	1149
1348	28	77	246	8	1025	25	1271
1366	335	1216	150	0	0	0	150
1403	56	182	51	5	1170	141	1221
1436	340	1278	148	0	10	1	158
1481	353	1463	18	0	0	0	18
1496	83	273	73	0	1150	410	1223
1521	86	281	50	7	1190	145	1240
1567	25	71	164	6	1332	81	1496
1662	338	1237	267	0	158	153	425
1670	38	111	221	11	1338	184	1559
1695	14	46	254	5	1395	195	1649
1703	364	1610	90	0	3	0	93
1762	33	96	277	19	1389	193	1666
1772	26	72	152	36	1548	196	1700
1816	67	218	143	14	1455	497	1598
1871	34	100	256	8	1515	581	1771
1917	6	24	166	6	1727	1	1893
1937	45	148	48	19	1741	159	1789
1938	63	198	36	18	1704	513	1740
1947	375	1692	239	0	16	1	255
2037	388	1853	181	0	3	0	184
2085	70	224	82	26	1779	60	1861
2179	410	2059	114	0	6	6	120
2192	11	37	221	9	1934	274	2155
2221	7	25	218	6	1978	1	2196
2228	39	113	220	5	1895	315	2115
2292	428	2235	57	0	0	0	57
2349	46	148	91	0	2110	170	2201
2363	2	8	245	11	2110	1	2355
2487	54	169	212	7	2106	442	2318
2488	267	317	241	0	1930	94	2171
2489	17	54	269	14	2166	52	2435
2511	92	300	21	18	2190	9	2211
2579	447	2519	56	0	4	1	60
2584	138	436	74	7	2074	4	2148
2675	64	201	50	29	2424	63	2474
2681	466	2648	31	0	2	2	33
2684	42	130	228	0	2326	18	2554
2725	161	525	43	0	2157	122	2200
2796	50	159	124	20	2513	629	2637
2802	23	69	288	0	2445	71	2733
2813	110	348	18	0	2447	307	2465
2822	460	2595	221	0	6	0	227
2832	94	309	31	0	2492	600	2523
2834	433	2249	257	0	328	68	585
2855	108	346	12	8	2497	483	2509
2868	477	2758	103	0	7	1	110
2888	48	154	162	13	2572	131	2734
2922	68	223	135	10	2564	29	2699
3004	80	261	132	13	2611	24	2743
3024	482	2830	182	0	12	0	194
3055	58	187	254	19	2614	55	2868
3076	494	2968	90	0	18	18	108
3076	475	2734	230	0	112	101	342
3078	503	3051	23	0	4	4	27
3121	22	62	179	10	2880	643	3059
3144	35	107	300	10	2737	804	3037
3155	44	141	207	0	2807	158	3014
3162	62	193	125	41	2844	426	2969
3206	74	240	97	5	2869	1	2966
3208	77	249	80	28	2879	172	2959
3223	79	254	126	8	2843	948	2969
3239	509	3101	130	0	8	5	138
3298	103	338	121	11	2839	635	2960
3380	75	240	155	20	2985	256	3140
3397	73	239	224	13	2934	1	3158
3402	78	252	95	9	3055	184	3150
3480	49	158	205	9	3117	191	3322
3489	47	152	130	17	3207	149	3337
3524	89	287	67	33	3170	1	3237
3597	85	279	250	37	3068	1	3318
3623	53	166	166	18	3291	427	3457
3646	373	1680	280	0	1686	22	1966
3648	97	320	101	19	3227	109	3328
3677	543	3459	212	0	6	0	218
3694	55	176	254	11	3264	129	3518
3698	81	266	189	18	3243	43	3432
3792	102	335	99	21	3358	319	3457
3793	558	3588	196	0	9	3	205
3827	98	327	39	8	3461	779	3500
3829	95	315	65	14	3449	50	3514
3844	107	342	133	17	3369	136	3502
3874	84	273	127	12	3474	711	3601
3943	424	2219	240	0	1484	709	1724
4005	117	364	28	11	3613	455	3641
4012	88	287	98	17	3627	102	3725
4045	113	350	96	0	3599	357	3695
4089	71	226	159	11	3704	62	3863
4114	577	3889	215	0	10	1	225
4144	91	295	151	6	3698	1	3849
4172	116	362	62	18	3748	393	3810
4195	114	351	31	18	3813	50	3844
4225	41	126	256	17	3843	2	4099
4229	598	4138	85	0	6	0	91
4258	112	350	91	9	3817	47	3908
4283	60	192	196	8	3895	290	4091
4353	76	243	153	15	3957	194	4110
4364	556	3560	216	0	588	85	804
4365	127	390	77	9	3898	267	3975
4366	135	428	24	14	3914	70	3938
4366	87	287	145	11	3934	4	4079
4404	122	377	191	15	3836	115	4027
4407	133	414	46	8	3947	238	3993
4441	129	397	99	0	3945	243	4044
4461	613	4263	188	0	10	1	198
4509	96	319	128	0	4062	50	4190
4576	622	4375	192	0	9	6	201
4628	131	405	195	20	4028	232	4223
4678	124	379	149	20	4150	53	4299
4694	101	335	150	8	4209	262	4359
4716	153	505	32	14	4179	147	4211
4771	624	4383	254	0	134	129	388
4778	139	441	39	25	4298	316	4337
4814	143	462	42	14	4310	305	4352
4856	99	334	230	6	4292	152	4522
4967	100	335	100	6	4532	155	4632
5016	125	385	141	18	4490	95	4631
5026	72	233	235	23	4558	56	4793
5048	141	451	253	12	4344	300	4597
5050	663	4883	163	0	4	1	167
5074	121	376	92	7	4606	19	4698
5095	662	4873	182	0	40	34	222
5098	574	3868	276	0	954	59	1230
5102	69	223	205	30	4674	540	4879
5138	119	364	168	13	4606	401	4774
5236	137	432	219	10	4585	10	4804
5267	687	5118	143	0	6	0	149
5274	683	5095	161	0	18	6	179
5279	82	271	264	7	4744	175	5008
5360	387	1837	263	0	3260	353	3523
5370	105	340	138	19	4892	162	5030
5473	111	348	272	25	4853	288	5125
5602	109	348	55	0	5199	321	5254
5611	123	377	229	13	5005	329	5234
5635	150	498	262	11	4875	488	5137
5642	126	386	241	0	5015	39	5256
5742	118	364	80	15	5298	130	5378
5771	190	630	89	12	5052	45	5141
5792	140	444	236	0	5112	248	5348
5829	163	533	268	0	5028	704	5296
5896	65	206	281	18	5409	196	5690
5916	106	340	270	24	5306	65	5576
5928	134	421	76	26	5431	65	5507
5930	130	401	201	9	5328	264	5529
5946	753	5754	183	0	9	0	192
5947	149	497	299	10	5151	137	5450
6080	667	4901	246	0	933	78	1179
6097	169	551	41	19	5505	107	5546
6142	158	520	63	9	5559	632	5622
6158	164	539	87	6	5532	704	5619
6174	732	5519	197	0	458	321	655
6176	192	637	30	18	5509	134	5539
6188	772	6011	170	0	7	1	177
6270	155	507	165	23	5598	189	5763
6296	144	468	109	26	5719	734	5828
6305	691	5141	218	0	946	187	1164
6355	90	294	257	27	5804	65	6061
6400	789	6166	223	0	11	8	234
6485	162	532	194	9	5759	662	5953
6493	146	480	224	24	5789	183	6013
6558	181	601	262	5	5695	166	5957
6566	142	457	178	0	5931	1311	6109
6596	166	546	123	15	5927	1008	6050
6604	132	410	127	20	6067	80	6194
6610	115	356	281	16	5973	630	6254
6614	182	601	88	19	5925	154	6013
6623	754	5767	213	0	643	425	856
6630	136	430	255	5	5945	21	6200
6652	168	547	114	13	5991	1027	6105
6670	171	556	67	13	6047	760	6114
6728	128	394	209	0	6125	283	6334
6757	152	500	182	24	6075	132	6257
6767	147	487	103	11	6177	155	6280
6768	159	521	128	20	6119	1	6247
6801	816	6630	166	0	5	2	171
6816	179	595	172	0	6049	488	6221
6833	160	523	295	20	6015	118	6310
6859	673	4973	45	0	1841	1290	1886
6875	432	2248	258	0	4369	50	4627
6934	834	6779	154	0	1	1	155
6985	175	573	126	11	6286	313	6412
7005	177	583	54	6	6368	180	6422
7006	188	622	13	42	6371	937	6384
7013	847	6980	31	0	2	2	33
7075	787	6140	213	0	722	95	935
7095	170	551	238	12	6306	1552	6544
7119	727	5498	241	0	1380	124	1621
7206	183	604	75	10	6527	301	6602
7212	120	370	291	18	6551	812	6842
7218	853	7010	192	0	16	1	208
7227	875	7225	2	0	0	0	2
7280	157	514	221	19	6545	136	6766
7320	528	3319	230	0	3771	162	4001
7384	151	500	244	14	6640	953	6884
7497	885	7378	113	0	6	0	119
7511	208	696	18	13	6797	499	6815
7512	167	547	240	0	6725	643	6965
7543	519	3241	239	0	4063	22	4302
7561	193	639	145	14	6777	715	6922
7592	176	580	182	0	6830	114	7012
7606	195	647	151	15	6808	254	6959
7618	187	617	283	15	6718	826	7001
7621	199	664	82	14	6875	523	6957
7630	145	474	211	0	6945	737	7156
7642	154	507	250	14	6885	1618	7135
7680	172	562	132	10	6986	99	7118
7732	173	568	168	8	6996	66	7164
7758	897	7551	194	0	13	4	207
7782	640	4645	251	0	2886	65	3137
7810	204	687	33	42	7090	296	7123
7944	174	570	189	17	7185	664	7374
7995	918	7813	179	0	3	0	182
7999	156	509	228	20	7262	1456	7490
8007	886	7385	211	0	411	380	622
8056	926	7875	179	0	2	2	181
8098	148	491	203	20	7404	574	7607
8127	893	7510	165	0	452	44	617
8159	194	645	168	9	7346	483	7514
8168	843	6956	122	0	1090	1090	1212
8190	205	688	66	19	7436	317	7502
8242	877	7270	234	0	738	56	972
8254	196	648	187	6	7419	42	7606
8267	837	6797	172	0	1298	142	1470
8274	165	543	267	11	7464	966	7731
8292	939	8086	199	0	7	1	206
8295	216	742	225	0	7328	52	7553
8304	189	627	209	10	7468	715	7677
8374	227	769	64	18	7541	270	7605
8477	762	5911	180	0	2386	219	2566
8493	251	3	263	0	8227	141	8490
8523	965	8393	127	0	3	0	130
8527	960	8337	177	0	13	1	190
8528	949	8197	157	0	174	174	331
8688	178	588	217	7	7883	113	8100
8700	684	5101	209	0	3390	178	3599
8719	203	683	210	6	7826	10	8036
8737	180	601	278	16	7858	486	8136
8742	983	8686	52	0	4	1	56
8794	185	610	230	10	7954	534	8184
8819	226	768	130	5	7921	223	8051
8840	201	673	277	17	7890	4	8167
8841	212	719	49	9	8073	91	8122
8850	229	775	71	10	8004	3	8075
8881	209	703	217	18	7961	304	8178
8882	219	742	43	31	8097	203	8140
8921	778	6079	223	0	2619	1092	2842
8940	213	723	104	0	8113	776	8217
8962	202	676	183	0	8103	5	8286
8965	200	667	83	8	8215	770	8298
8979	198	659	77	23	8243	485	8320
9011	206	693	142	0	8176	19	8318
9037	1023	8995	41	0	1	1	42
9137	246	831	42	6	8264	384	8306
9150	566	3798	246	0	5106	253	5352
9158	221	746	251	0	8161	64	8412
9168	1018	8955	198	0	15	0	213
9184	215	735	266	12	8183	322	8449
9229	184	604	200	35	8425	463	8625
9267	1028	9088	176	0	3	0	179
9325	1026	9052	97	0	176	176	273
9335	1038	9228	105	0	2	2	107
9361	913	7785	217	0	1359	96	1576
9368	250	844	192	16	8332	227	8524
9376	1051	9356	20	0	0	0	20
9455	1057	9400	51	0	4	1	55
9460	225	766	83	26	8611	243	8694
9463	237	813	264	8	8386	76	8650
9535	210	706	178	30	8651	794	8829
9541	207	693	110	0	8738	746	8848
9553	634	4603	194	0	4756	197	4950
9578	1042	9252	209	0	117	28	326
9583	1061	9441	127	0	15	15	142
9594	238	813	82	16	8699	187	8781
9693	211	713	246	33	8734	752	8980
9701	235	800	257	18	8644	685	8901
9705	1068	9507	181	0	17	2	198
9709	239	816	165	8	8728	271	8893
9745	191	637	199	9	8909	61	9108
9810	855	7018	221	0	2571	103	2792
9824	779	6084	83	0	3657	203	3740
9829	1076	9612	116	0	101	96	217
9830	248	833	31	0	8966	390	8997
9849	992	8768	162	0	919	50	1081
9933	639	4632	101	0	5200	110	5301
9936	223	759	161	14	9016	254	9177
9985	245	831	121	8	9033	123	9154
10004	1094	9834	165	0	5	2	170
10030	632	4584	223	0	5223	873	5446
10043	1098	9868	36	0	139	136	175
10065	1084	9740	193	0	132	42	325
10098	243	827	138	27	9133	161	9271
10108	1106	10007	62	0	39	36	101
10121	236	807	61	0	9253	304	9314
10132	234	794	97	5	9241	301	9338
10136	231	781	192	8	9163	466	9355
10167	232	785	115	5	9267	296	9382
10223	935	8038	201	0	1984	157	2185
10239	1104	9958	128	0	153	46	281
10265	186	617	196	12	9452	372	9648
10273	1113	10110	157	0	6	0	163
10289	220	746	208	0	9335	60	9543
10313	242	826	288	11	9199	176	9487
10344	217	742	214	0	9388	60	9602
10346	1128	10298	47	0	1	1	48
10367	844	6958	54	0	3355	44	3409
10441	735	5542	216	0	4683	1580	4899
10445	1100	9888	176	0	381	102	557
10477	197	653	232	11	9592	303	9824
10502	1132	10332	164	0	6	3	170
10547	1133	10336	156	0	55	46	211
10564	1138	10381	119	0	64	64	183
10564	233	790	208	18	9566	510	9774
10575	1140	10399	15	0	161	71	176
10596	1129	10302	32	0	262	262	294
10613	218	742	203	9	9668	72	9871
10652	1087	9792	203	0	657	274	860
10704	1154	10617	84	0	3	0	87
10712	1119	10188	166	0	358	62	524
10735	1141	10420	148	0	167	155	315
10763	1102	9926	63	0	774	222	837
10790	1127	10280	169	0	341	50	510
10853	751	5736	214	0	4903	42	5117
10894	1168	10756	132	0	6	0	138
10896	1162	10687	158	0	51	48	209
10944	241	822	104	8	10018	421	10122
10957	1091	9827	202	0	928	155	1130
10966	828	6719	157	0	4090	2140	4247
10974	249	838	98	27	10038	345	10136
11021	222	753	263	29	10005	288	10268
11048	1150	10573	88	0	387	384	475
11050	1182	10910	137	0	3	0	140
11061	1125	10278	199	0	584	576	783
11082	1163	10702	133	0	247	54	380
11092	1178	10846	45	0	201	44	246
11154	1171	10780	64	0	310	36	374
11155	1155	10625	133	0	397	187	530
11159	1190	11022	77	0	60	60	137
11255	1118	10152	199	0	904	219	1103
11261	1195	11092	163	0	6	3	169
11273	1169	10767	119	0	387	123	506
11274	240	820	265	10	10189	11	10454
11276	228	771	201	0	10304	222	10505
11341	1152	10591	170	0	580	100	750
11361	1181	10872	200	0	289	154	489
11401	1201	11141	119	0	141	135	260
11418	638	4623	191	0	6604	74	6795
11428	1213	11367	47	0	14	8	61
11436	1174	10804	39	0	593	290	632
11471	1208	11277	190	0	4	1	194
11476	1170	10774	46	0	656	82	702
11477	244	827	213	5	10437	66	10650
11498	230	779	296	17	10423	707	10719
11508	1207	11222	161	0	125	119	286
11552	1205	11184	48	0	320	314	368
11630	495	2970	229	0	8431	163	8660
11650	1167	10745	176	0	729	49	905
11666	1222	11471	17	0	178	118	195
11678	1206	11190	162	0	326	95	488
11719	1228	11567	144	0	8	8	152
11728	1218	11447	171	0	110	50	281
11748	1219	11449	68	0	231	50	299
11782	1214	11369	58	0	355	98	413
11804	1177	10820	138	0	846	90	984
11809	1227	11532	59	0	218	165	277
11833	1209	11286	196	0	351	346	547
11954	1223	11482	168	0	304	59	472
11959	1238	11673	147	0	139	136	286
11961	1161	10685	158	0	1118	898	1276
11969	1252	11872	10	0	87	87	97
12011	1247	11842	166	0	3	0	169
12046	612	4261	224	0	7561	304	7785
12056	1246	11822	99	0	135	132	234
12106	1242	11779	143	0	184	41	327
12185	1172	10781	174	0	1230	180	1404
12230	1240	11707	172	0	351	76	523
12250	1272	12064	135	0	51	42	186
12251	898	7556	207	0	4488	44	4695
12369	1262	12000	174	0	195	56	369
12406	1245	11813	170	0	423	417	593
12413	1083	9739	17	0	2657	41	2674
12418	1268	12044	154	0	220	143	374
12452	940	8088	197	0	4167	621	4364
12521	1295	12324	146	0	51	45	197
12537	1297	12335	110	0	92	83	202
12592	1073	9545	176	0	2871	293	3047
12606	1309	12449	153	0	4	1	157
12609	1308	12443	160	0	6	0	166
12664	636	4612	225	0	7827	34	8052
12668	1320	12629	38	0	1	1	39
12693	1311	12461	169	0	63	60	232
12709	1307	12404	161	0	144	138	305
12743	1298	12346	151	0	246	246	397
12790	1326	12681	93	0	16	13	109
12816	1321	12637	176	0	3	0	179
12830	1284	12235	137	0	458	33	595
12834	1318	12560	122	0	152	149	274
12849	1081	9722	202	0	2925	102	3127
12906	1253	11912	163	0	831	202	994
12907	1313	12467	75	0	365	111	440
12915	1317	12548	9	0	358	358	367
12940	1319	12574	103	0	263	260	366
13043	1338	12861	127	0	55	46	182
13066	1348	12968	92	0	6	0	98
13067	385	1810	231	0	11026	153	11257
13085	1303	12382	165	0	538	283	703
13103	1343	12918	163	0	22	22	185
13174	1351	12973	86	0	115	112	201
13187	1346	12942	135	0	110	101	245
13264	1294	12320	162	0	782	357	944
13265	1282	12213	2	0	1050	647	1052
13267	369	1630	240	0	11397	62	11637
13317	1370	13255	59	0	3	0	62
13326	1353	13032	136	0	158	155	294
13370	1354	13062	187	0	121	112	308
13423	1281	12209	155	0	1059	1056	1214
13447	1352	13008	119	0	320	101	439
13447	1364	13183	81	0	183	94	264
13462	1378	13344	116	0	2	2	118
13467	979	8636	196	0	4635	849	4831
13505	1381	13372	130	0	3	0	133
13510	1356	13075	63	0	372	372	435
13521	1387	13506	13	0	2	2	15
13535	1366	13217	113	0	205	100	318
13574	1373	13283	39	0	252	252	291
13586	1359	13129	71	0	386	247	457
13600	1280	12200	151	0	1249	142	1400
13624	1395	13591	33	0	0	0	33
13627	1371	13260	53	0	314	314	367
13643	1391	13551	84	0	8	2	92
13662	1270	12056	202	0	1404	153	1606
13699	1386	13412	99	0	188	188	287
13765	1367	13224	136	0	405	198	541
13785	1403	13690	89	0	6	0	95
13812	1376	13326	159	0	327	152	486
13824	1400	13645	12	0	167	167	179
13859	724	5469	216	0	8174	229	8390
13878	1404	13708	163	0	7	1	170
13881	1330	12740	176	0	965	959	1141
13935	1380	13356	105	0	474	468	579
14015	1408	13712	128	0	175	166	303
14053	1413	13818	169	0	66	63	235
14054	544	3461	209	0	10384	490	10593
14060	1412	13818	122	0	120	117	242
14080	1423	13973	103	0	4	1	107
14096	1393	13567	40	0	489	48	529
14123	1405	13708	70	0	345	345	415
14158	1390	13534	36	0	588	387	624
14175	1398	13605	77	0	493	131	570
14209	1315	12483	173	0	1553	671	1726
14231	1428	14034	22	0	175	175	197
14259	560	3602	236	0	10421	171	10657
14273	1425	13978	98	0	197	197	295
14293	1416	13888	65	0	340	64	405
14308	1288	12269	149	0	1890	370	2039
14397	1447	14358	39	0	0	0	39
14434	1107	10024	165	0	4245	22	4410
14441	1093	9830	199	0	4412	154	4611
14453	1426	13984	177	0	292	289	469
14476	1440	14244	165	0	67	64	232
14519	1347	12954	52	0	1513	184	1565
14525	1446	14344	91	0	90	90	181
14557	1448	14380	174	0	3	0	177
14627	1443	14294	168	0	165	159	333
14640	1444	14302	116	0	222	202	338
14642	1455	14506	117	0	19	13	136
14649	588	4039	214	0	10396	266	10610
14649	1438	14190	21	0	438	88	459
14736	1457	14566	160	0	10	1	170
14752	1365	13195	100	0	1457	723	1557
14773	1462	14604	165	0	4	1	169
14795	1437	14174	155	0	466	466	621
14802	1454	14500	11	0	291	51	302
14806	1456	14560	161	0	85	82	246
14825	1468	14732	19	0	74	74	93
14829	1435	14169	24	0	636	633	660
14845	712	5368	215	0	9262	52	9477
14914	1466	14660	89	0	165	165	254
14920	1467	14728	164	0	28	25	192
14927	1469	14755	164	0	8	8	172
15016	1436	14173	174	0	669	626	843
15022	1034	9179	177	0	5666	709	5843
15024	1411	13732	20	0	1272	130	1292
15026	1432	14134	104	0	788	118	892
15059	1471	14787	139	0	133	127	272
15122	1498	15058	63	0	1	1	64
15128	1279	12192	131	0	2805	499	2936
15167	1507	15118	40	0	9	6	49
15182	1385	13394	127	0	1661	312	1788
15198	1433	14136	163	0	899	390	1062
15211	648	4702	217	0	10292	31	10509
15317	1497	15050	132	0	135	132	267
15324	1302	12382	190	0	2752	287	2942
15329	1518	15220	4	0	105	105	109
15362	1225	11526	162	0	3674	597	3836
15379	1522	15258	17	0	104	104	121
15407	526	3307	213	0	11887	24	12100
15437	1524	15284	150	0	3	0	153
15441	1528	15312	122	0	7	1	129
15476	1442	14282	147	0	1047	1035	1194
15485	1516	15171	150	0	164	158	314
15539	1517	15209	154	0	176	170	330
15592	1429	14102	181	0	1309	68	1490
15607	1500	15074	123	0	410	66	533
15610	1539	15536	74	0	0	0	74
15638	1533	15432	153	0	53	44	206
15656	1529	15328	93	0	235	235	328
15664	1189	10998	88	0	4578	74	4666
15691	1521	15246	54	0	391	322	445
15751	970	8452	95	0	7204	488	7299
15777	448	2521	208	0	13048	390	13256
15780	1545	15627	143	0	10	4	153
15798	1538	15526	136	0	136	130	272
15799	1519	15221	109	0	469	77	578
15902	1551	15712	148	0	42	39	190
15926	1573	15909	8	0	9	9	17
15942	1022	8981	158	0	6803	227	6961
15961	1085	9749	179	0	6033	39	6212
15982	1552	15738	168	0	76	61	244
15986	1496	15032	43	0	911	56	954
16013	1549	15639	105	0	269	263	374
16033	1571	15905	20	0	108	108	128
16038	1572	15907	56	0	75	75	131
16057	1584	16021	33	0	3	0	36
16085	1566	15865	96	0	124	121	220
16090	1579	16007	82	0	1	1	83
16107	1580	16012	17	0	78	78	95
16158	1532	15404	182	0	572	558	754
16199	1563	15851	84	0	264	115	348
16207	1558	15811	169	0	227	92	396
16216	1592	16131	79	0	6	0	85
16242	1569	15889	146	0	207	59	353
16285	1597	16164	80	0	41	38	121
16335	437	2324	206	0	13805	47	14011
16353	1586	16031	143	0	179	176	322
16375	1606	16260	105	0	10	4	115
16414	1596	16162	172	0	80	80	252
16419	1582	16019	125	0	275	266	400
16432	1617	16357	10	0	65	62	75
16461	1613	16293	33	0	135	63	168
16462	1605	16239	110	0	113	70	223
16512	618	4306	219	0	11987	177	12206
16520	1602	16224	97	0	199	190	296
16541	1593	16133	76	0	332	329	408
16551	1624	16435	111	0	5	2	116
16557	1621	16410	140	0	7	1	147
16625	1604	16234	166	0	225	67	391
16649	1628	16500	126	0	23	20	149
16665	1261	11988	161	0	4516	162	4677
16672	1636	16614	49	0	9	3	58
16685	1600	16201	31	0	453	365	484
16693	1603	16232	127	0	334	325	461
16705	1645	16663	12	0	30	30	42
16777	1629	16516	146	0	115	109	261
16833	1619	16378	145	0	310	307	455
16840	1648	16699	137	0	4	1	141
16847	642	4661	218	0	11968	294	12186
16858	1642	16639	150	0	69	66	219
16908	1646	16675	122	0	111	102	233
17006	1637	16627	168	0	211	60	379
17024	1283	12223	177	0	4624	70	4801
17030	1618	16371	113	0	546	537	659
17033	1523	15266	191	0	1576	434	1767
17145	989	8749	157	0	8239	43	8396
17150	1661	16913	126	0	111	111	237
17154	1666	16976	112	0	66	66	178
17197	1029	9096	167	0	7934	323	8101
17202	1672	17039	48	0	115	115	163
17237	1654	16723	92	0	422	422	514
17261	1677	17107	153	0	1	1	154
17267	1676	17100	161	0	6	0	167
17306	1675	17067	150	0	89	83	239
17337	1671	17028	100	0	209	209	309
17350	1682	17161	142	0	47	41	189
17371	1576	15992	177	0	1202	504	1379
17441	1653	16715	91	0	635	635	726
17446	1658	16864	113	0	469	109	582
17460	1681	17123	149	0	188	153	337
17478	1691	17428	47	0	3	0	50
17490	1667	16984	29	0	477	438	506
17499	1633	16572	59	0	868	50	927
17520	1665	16973	30	0	517	517	547
17535	472	2718	232	0	14585	24	14817
17567	1635	16590	127	0	850	187	977
17627	1664	16961	104	0	562	559	666
17667	1630	16538	170	0	959	80	1129
17688	1698	17563	61	0	64	64	125
17690	1699	17582	23	0	85	85	108
17697	1690	17428	134	0	135	82	269
17705	1570	15903	168	0	1634	523	1802
17776	1705	17634	131	0	11	2	142
17792	1659	16877	91	0	824	92	915
17825	1692	17442	137	0	246	246	383
17866	1711	17650	87	0	129	126	216
17879	1546	15632	172	0	2075	475	2247
17907	759	5865	141	0	11901	52	12042
17927	1726	17879	45	0	3	0	48
17974	1685	17333	150	0	491	189	641
17994	1689	17383	126	0	485	157	611
18048	1644	16661	145	0	1242	328	1387
18074	790	6168	207	0	11699	525	11906
18074	1732	17909	97	0	68	65	165
18120	1727	17883	123	0	114	111	237
18122	1749	18100	2	0	20	20	22
18188	1721	17801	123	0	264	261	387
18194	1756	18175	18	0	1	1	19
18194	1754	18168	26	0	0	0	26
18209	1734	17925	91	0	193	174	284
18242	1736	17952	162	0	128	122	290
18253	1050	9342	204	0	8707	450	8911
18303	1717	17750	91	0	462	459	553
18329	1752	18131	141	0	57	57	198
18376	1751	18127	131	0	118	115	249
18418	941	8090	195	0	10133	713	10328
18419	1768	18308	43	0	68	68	111
18425	1767	18297	116	0	12	0	128
18427	1746	18054	119	0	254	78	373
18465	1765	18248	46	0	171	171	217
18478	1770	18327	140	0	11	2	151
18485	1738	17977	155	0	353	61	508
18546	1763	18237	78	0	231	228	309
18570	1774	18359	143	0	68	68	211
18577	1203	11164	23	0	7390	2540	7413
18614	321	1069	226	0	17319	213	17545
18644	1766	18257	150	0	237	228	387
18684	1783	18651	32	0	1	1	33
18693	1748	18066	140	0	487	220	627
18713	1790	18683	28	0	2	2	30
18719	1198	11112	170	0	7437	54	7607
18775	1761	18234	123	0	418	159	541
18804	974	8592	197	0	10015	758	10212
18816	1777	18535	120	0	161	158	281
18831	1589	16060	135	0	2636	123	2771
18864	1499	15060	113	0	3691	83	3804
18928	1794	18734	97	0	97	97	194
18931	1796	18751	171	0	9	0	180
18933	1776	18521	7	0	405	128	412
18945	1340	12876	161	0	5908	64	6069
18952	1789	18677	130	0	145	139	275
18971	1802	18828	132	0	11	2	143
18988	1805	18850	57	0	81	81	138
19072	1753	18154	144	0	774	205	918
19076	1806	18920	124	0	32	32	156
19088	1787	18671	12	0	405	405	417
19094	1077	9614	172	0	9308	96	9480
19110	1808	18976	134	0	0	0	134
19140	1745	18048	153	0	939	920	1092
19153	1733	17913	83	0	1157	680	1240
19180	1740	18014	98	0	1068	70	1166
19196	1816	19047	142	0	7	1	149
19227	1771	18327	91	0	809	326	900
19253	854	7017	185	0	12051	589	12236
19257	674	4976	136	0	14145	39	14281
19299	1358	13121	54	0	6124	223	6178
19310	1737	17962	138	0	1210	69	1348
19359	1822	19143	133	0	83	26	216
19407	1620	16394	163	0	2850	446	3013
19480	1815	19020	150	0	310	243	460
19480	1701	17609	163	0	1708	364	1871
19492	1819	19081	134	0	277	62	411
19493	1461	14582	5	0	4906	422	4911
19509	1826	19247	23	0	239	160	262
19575	319	1033	227	0	18315	36	18542
19610	1840	19442	124	0	44	38	168
19629	1431	14132	142	0	5355	1498	5497
19636	1782	18643	134	0	859	213	993
19672	1844	19517	36	0	119	119	155
19724	1837	19416	89	0	219	213	308
19726	1739	17992	121	0	1613	231	1734
19740	1784	18657	175	0	908	195	1083
19797	1843	19513	116	0	168	159	284
19844	1847	19638	120	0	86	86	206
19851	1420	13920	136	0	5795	39	5931
19859	1807	18928	9	0	922	543	931
19861	1852	19699	142	0	20	8	162
19893	1800	18795	46	0	1052	326	1098
19907	1305	12403	181	0	7323	141	7504
19920	1845	19577	121	0	222	61	343
19936	1842	19487	86	0	363	357	449
20012	1670	17002	125	0	2885	1158	3010
20019	1850	19695	8	0	316	213	324
20042	1821	19128	124	0	790	67	914
20043	1868	19919	116	0	8	2	124
20079	785	6134	204	0	13741	198	13945
20086	1814	19016	150	0	920	101	1070
20098	1858	19788	58	0	252	46	310
20125	1809	18978	105	0	1042	243	1147
20132	1867	19914	7	0	211	211	218
20166	1854	19712	65	0	389	386	454
20182	1877	20019	88	0	75	75	163
20203	1879	20066	131	0	6	0	137
20207	1878	20050	142	0	15	6	157
20223	1874	19959	41	0	223	223	264
20243	801	6273	195	0	13775	111	13970
20257	1841	19471	94	0	692	82	786
20269	1864	19886	134	0	249	246	383
20307	1873	19958	81	0	268	265	349
20337	1849	19670	31	0	636	132	667
20362	1859	19796	102	0	464	461	566
20394	1891	20278	116	0	0	0	116
20401	1886	20190	126	0	85	82	211
20416	284	508	228	0	19680	525	19908
20423	1846	19606	81	0	736	182	817
20497	1883	20126	133	0	238	74	371
20504	1901	20458	45	0	1	1	46
20524	1892	20279	114	0	131	125	245
20562	1863	19875	131	0	556	371	687
20584	1290	12275	167	0	8142	469	8309
20635	1896	20300	133	0	202	84	335
20641	1890	20248	120	0	273	68	393
20686	1866	19892	127	0	667	69	794
20738	1870	19931	98	0	709	357	807
20754	1799	18792	174	0	1788	333	1962
20759	1917	20670	88	0	1	1	89
20760	1897	20308	127	0	325	86	452
20762	1916	20652	105	0	5	2	110
20772	1915	20625	64	0	83	77	147
20821	1894	20286	62	0	473	156	535
20830	1908	20529	41	0	260	80	301
20891	1911	20565	141	0	185	173	326
20924	1930	20849	33	0	42	42	75
20926	264	299	230	0	20397	82	20627
20940	1920	20676	104	0	160	154	264
20953	1888	20242	130	0	581	154	711
20987	1040	9238	88	0	11661	38	11749
20989	1929	20836	46	0	107	104	153
21010	1932	20860	145	0	5	2	150
21029	1938	20942	76	0	11	11	87
21076	1609	16266	102	0	4708	594	4810
21104	1848	19666	29	0	1409	1352	1438
21105	1006	8862	204	0	12039	52	12243
21112	1927	20826	122	0	164	161	286
21132	1931	20852	21	0	259	210	280
21139	1937	20905	104	0	130	124	234
21144	1913	20609	13	0	522	289	535
21207	1946	21076	129	0	2	2	131
21228	1912	20596	84	0	548	98	632
21246	1907	20521	19	0	706	74	725
21250	1944	21048	143	0	59	56	202
21280	827	6707	194	0	14379	1337	14573
21295	1895	20292	46	0	957	954	1003
21307	1956	21238	69	0	0	0	69
21318	1935	20902	107	0	309	306	416
21362	1889	20244	62	0	1056	345	1118
21377	1964	21316	56	0	5	2	61
21383	1945	21049	134	0	200	55	334
21401	1967	21395	5	0	1	1	6
21440	1372	13272	180	0	7988	203	8168
21461	1962	21286	90	0	85	76	175
21485	1968	21396	80	0	9	6	89
21508	1909	20534	122	0	852	849	974
21514	1950	21147	132	0	235	54	367
21537	1975	21500	32	0	5	5	37
21576	947	8174	170	0	13232	115	13402
21582	1961	21262	68	0	252	246	320
21605	1970	21407	120	0	78	78	198
21660	1940	21002	52	0	606	603	658
21661	1952	21186	141	0	334	328	475
21703	1974	21476	115	0	112	106	227
21739	552	3512	197	0	18030	30	18227
21793	1966	21382	128	0	283	152	411
21798	1972	21416	134	0	248	245	382
21845	1948	21092	144	0	609	46	753
21866	1986	21714	142	0	10	1	152
21898	1990	21752	94	0	52	46	146
21900	1032	9102	194	0	12604	820	12798
21921	1982	21610	122	0	189	183	311
21954	2004	21910	27	0	17	11	44
21965	2008	21944	20	0	1	1	21
21965	2005	21922	43	0	0	0	43
21969	1981	21608	118	0	243	237	361
21984	1980	21606	87	0	291	72	378
22059	397	1967	195	0	19897	194	20092
22070	1996	21807	105	0	158	158	263
22108	2010	21986	116	0	6	0	122
22117	1992	21784	142	0	191	185	333
22125	1951	21182	132	0	811	802	943
22156	2020	22106	47	0	3	3	50
22167	2024	22153	13	0	1	1	14
22195	2006	21928	119	0	148	142	267
22218	934	8013	206	0	13999	25	14205
22225	1998	21848	86	0	291	144	377
22255	1999	21850	132	0	273	267	405
22332	2011	22010	132	0	190	83	322
22372	1926	20803	144	0	1425	64	1569
22375	2001	21888	121	0	366	259	487
22394	681	5069	186	0	17139	306	17325
22412	2015	22048	37	0	327	324	364
22470	1973	21465	97	0	908	459	1005
22476	1191	11040	162	0	11274	649	11436
22524	1963	21306	44	0	1174	422	1218
22531	2034	22356	61	0	114	114	175
22550	2014	22038	131	0	381	56	512
22551	2042	22490	20	0	41	41	61
22552	655	4792	187	0	17573	245	17760
22565	2031	22331	16	0	218	69	234
22619	2019	22086	69	0	464	157	533
22633	2044	22533	99	0	1	1	100
22651	2032	22346	114	0	191	185	305
22658	2026	22213	93	0	352	352	445
22666	1959	21249	57	0	1360	67	1417
22719	434	2251	217	0	20251	49	20468
22732	2000	21876	68	0	788	228	856
22735	2029	22271	74	0	390	387	464
22741	2049	22643	6	0	92	92	98
22749	2038	22432	100	0	217	68	317
22799	2035	22358	46	0	395	136	441
22840	2046	22542	96	0	202	199	298
22856	1953	21212	117	0	1527	594	1644
22881	711	5353	198	0	17330	203	17528
22886	2059	22834	27	0	25	25	52
22911	2052	22681	25	0	205	205	230
22947	2050	22650	143	0	154	80	297
22962	1781	18641	141	0	4180	434	4321
23015	2056	22782	68	0	165	165	233
23016	2043	22527	107	0	382	147	489
23032	2054	22724	17	0	291	291	308
23042	505	3062	214	0	19766	524	19980
23043	2021	22108	27	0	908	908	935
23069	2064	22951	115	0	3	0	118
23071	2063	22929	103	0	39	33	142
23083	2018	22082	39	0	962	63	1001
23152	1993	21796	129	0	1227	334	1356
23174	2068	23028	136	0	10	1	146
23179	2003	21891	112	0	1176	941	1288
23211	464	2615	203	0	20393	79	20596
23221	2051	22678	42	0	501	501	543
23273	2058	22822	119	0	332	58	451
23312	2062	22922	138	0	252	252	390
23313	2080	23242	67	0	4	1	71
23343	1995	21800	125	0	1418	447	1543
23351	508	3077	199	0	20075	58	20274
23384	2087	23376	2	0	6	6	8
23443	2061	22918	128	0	397	394	525
23466	2076	23203	150	0	113	110	263
23495	1183	10915	174	0	12406	143	12580
23505	2088	23378	120	0	7	1	127
23507	807	6405	178	0	16924	450	17102
23508	2083	23326	14	0	168	47	182
23527	2078	23220	19	0	288	288	307
23571	2084	23336	122	0	113	107	235
23600	2092	23427	30	0	143	33	173
23605	2073	23102	106	0	397	82	503
23633	2075	23200	25	0	408	405	433
23661	258	39	234	0	23388	6	23622
23673	1965	21350	139	0	2184	343	2323
23706	2105	23650	51	0	5	2	56
23733	2067	22990	130	0	613	610	743
23764	2036	22392	94	0	1278	106	1372
23765	2101	23601	126	0	38	32	164
23774	2102	23628	133	0	13	1	146
23814	2106	23650	81	0	83	83	164
23820	1074	9574	189	0	14057	152	14246
23859	2099	23594	45	0	220	220	265
23895	2079	23240	122	0	533	324	655
23905	2109	23747	134	0	24	18	158
23913	2096	23582	52	0	279	240	331
23920	2118	23865	54	0	1	1	55
23920	2117	23857	62	0	1	1	63
23973	1316	12542	118	0	11313	145	11431
23985	474	2730	224	0	21031	173	21255
24025	1306	12404	151	0	11470	646	11621
24028	2110	23781	120	0	127	124	247
24062	2072	23062	89	0	911	150	1000
24076	2124	23974	95	0	7	4	102
24099	2098	23585	37	0	477	477	514
24104	2122	23884	76	0	144	144	220
24119	2130	24044	75	0	0	0	75
24125	1983	21650	105	0	2370	162	2475
24140	351	1445	209	0	22486	22	22695
24198	2115	23841	85	0	272	263	357
24221	2048	22620	123	0	1478	102	1601
24246	857	7039	143	0	17064	1153	17207
24256	2114	23831	61	0	364	37	425
24262	2125	23980	16	0	266	266	282
24274	1122	10251	156	0	13867	2487	14023
24284	2113	23828	66	0	390	38	456
24368	2100	23600	114	0	654	123	768
24380	1978	21537	102	0	2741	109	2843
24384	2116	23844	126	0	414	154	540
24385	1536	15518	2	0	8865	62	8867
24423	603	4155	191	0	20077	2298	20268
24427	2146	24331	43	0	53	53	96
24449	2147	24335	81	0	33	33	114
24469	2148	24354	115	0	0	0	115
24469	2144	24291	42	0	136	136	178
24476	1514	15165	114	0	9197	791	9311
24509	2153	24417	60	0	32	32	92
24525	2152	24413	53	0	59	56	112
24562	912	7773	179	0	16610	52	16789
24572	2141	24275	94	0	203	179	297
24618	2142	24280	109	0	229	229	338
24659	2057	22810	131	0	1718	123	1849
24675	2168	24620	51	0	4	1	55
24681	2162	24548	124	0	9	3	133
24687	813	6576	165	0	17946	25	18111
24688	2093	23536	71	0	1081	32	1152
24690	2129	24032	119	0	539	255	658
24722	2156	24472	55	0	195	195	250
24753	2171	24704	38	0	11	8	49
24814	2085	23339	127	0	1348	173	1475
24829	2174	24730	91	0	8	2	99
24839	899	7566	184	0	17089	46	17273
24849	2149	24359	91	0	399	299	490
24855	2145	24308	130	0	417	414	547
24894	2188	24868	26	0	0	0	26
24924	1984	21687	121	0	3116	1821	3237
24948	2184	24823	99	0	26	26	125
24956	2193	24940	16	0	0	0	16
24959	2140	24234	108	0	617	538	725
24975	2199	24959	15	0	1	1	16
24975	2198	24954	18	0	3	3	21
24976	2192	24928	37	0	11	8	48
24997	1146	10518	184	0	14295	115	14479
25036	2040	22468	124	0	2444	66	2568
25063	2158	24486	27	0	550	550	577
25077	2180	24767	127	0	183	30	310
25093	2182	24785	134	0	174	174	308
25103	2161	24544	44	0	515	387	559
25124	2167	24596	31	0	497	497	528
25130	2205	25032	50	0	48	45	98
25152	783	6125	181	0	18846	21	19027
25156	2137	24168	28	0	960	318	988
25187	2207	25051	132	0	4	1	136
25208	2160	24522	107	0	579	337	686
25213	1851	19697	121	0	5395	267	5516
25227	1829	19273	32	0	5922	388	5954
25282	2172	24712	121	0	449	350	570
25284	2215	25119	76	0	89	89	165
25303	518	3229	205	0	21869	32	22074
25348	2203	25004	62	0	282	66	344
25361	1825	19241	143	0	5977	54	6120
25366	2217	25173	19	0	174	141	193
25377	2212	25092	90	0	195	85	285
25440	2183	24800	72	0	568	272	640
25446	328	1148	210	0	24088	618	24298
25448	2230	25372	71	0	5	5	76
25449	2227	25354	89	0	6	0	95
25464	2229	25364	16	0	84	84	100
25480	2224	25305	116	0	59	56	175
25545	1256	11966	149	0	13430	102	13579
25563	2204	25004	122	0	437	317	559
25595	2226	25333	125	0	137	131	262
25601	2216	25165	119	0	317	227	436
25673	2177	24740	82	0	851	690	933
25682	1527	15294	144	0	10244	523	10388
25686	707	5341	196	0	20149	1104	20345
25705	2221	25235	33	0	437	357	470
25713	2218	25194	106	0	413	74	519
25717	2139	24217	19	0	1481	72	1500
25771	2138	24189	61	0	1521	68	1582
25789	2236	25628	73	0	88	85	161
25797	2239	25688	105	0	4	4	109
25824	1640	16631	161	0	9032	227	9193
25829	2053	22687	71	0	3071	127	3142
25833	2225	25327	114	0	392	271	506
25860	2186	24851	34	0	975	28	1009
25884	2248	25844	37	0	3	3	40
25887	2234	25438	98	0	351	351	449
25902	2090	23388	79	0	2435	96	2514
25927	2244	25731	65	0	131	105	196
25954	2191	24879	33	0	1042	42	1075
25960	2243	25725	71	0	164	109	235
25973	729	5501	192	0	20280	1473	20472
25979	2235	25582	77	0	320	320	397
26005	2251	25889	45	0	71	71	116
26037	2258	25935	101	0	1	1	102
26042	2143	24286	99	0	1657	200	1756
26069	2209	25068	31	0	970	181	1001
26104	2222	25243	119	0	742	736	861
26106	2112	23826	46	0	2234	38	2280
26127	531	3337	209	0	22581	68	22790
26141	2245	25796	133	0	212	209	345
26155	2262	25970	51	0	134	134	185
26231	2266	26048	113	0	70	70	183
26233	2253	25909	89	0	235	232	324
26234	2271	26120	107	0	7	1	114
26267	838	6799	188	0	19280	142	19468
26271	2185	24849	119	0	1303	26	1422
26320	2276	26182	89	0	49	49	138
26343	2269	26096	20	0	227	224	247
26370	2267	26088	129	0	153	74	282
26407	2274	26142	136	0	129	129	265
26414	400	1985	193	0	24236	30	24429
26433	2285	26425	7	0	1	1	8
26448	2282	26337	96	0	15	6	111
26466	2123	23974	29	0	2463	194	2492
26481	2280	26285	106	0	90	87	196
26486	1936	20904	35	0	5547	636	5582
26496	2273	26138	89	0	269	269	358
26531	1793	18713	155	0	7663	135	7818
26561	2272	26130	62	0	369	366	431
26605	1922	20774	136	0	5695	214	5831
26618	2270	26112	11	0	495	68	506
26621	2281	26293	129	0	199	190	328
26633	2237	25639	70	0	924	487	994
26646	829	6735	160	0	19751	56	19911
26700	1055	9378	97	0	17225	232	17322
26732	2256	25920	112	0	700	606	812
26742	2261	25967	109	0	666	71	775
26757	2290	26642	54	0	61	58	115
26764	2277	26255	8	0	501	381	509
26778	1487	14982	86	0	11710	241	11796
26794	1401	13665	169	0	12960	135	13129
26817	2287	26486	69	0	262	256	331
26869	2268	26088	103	0	678	352	781
26889	2055	22764	80	0	4045	255	4125
26892	1560	15825	145	0	10922	134	11067
26919	2298	26878	30	0	11	11	41
26930	2246	25817	127	0	986	978	1113
26945	2297	26874	26	0	45	45	71
26985	2265	26038	112	0	835	426	947
27001	2296	26860	50	0	91	85	141
27009	2293	26706	25	0	278	252	303
27019	1233	11603	161	0	15255	566	15416
27063	2255	25920	57	0	1086	169	1143
27081	325	1115	193	0	25773	373	25966
27091	1402	13671	111	0	13309	456	13420
27111	2289	26630	103	0	378	316	481
27121	2303	27040	78	0	3	0	81
27130	2214	25110	72	0	1948	87	2020
27136	2302	26970	45	0	121	121	166
27163	2294	26776	28	0	359	126	387
27178	2292	26704	15	0	459	459	474
27189	2301	26933	79	0	177	107	256
27205	2306	27069	129	0	7	1	136
27226	289	634	203	0	26389	208	26592
27271	1299	12359	112	0	14800	58	14912
27272	2223	25284	70	0	1918	240	1988
27291	2252	25898	27	0	1366	513	1393
27305	2291	26676	118	0	511	502	629
27306	2150	24367	22	0	2917	117	2939
27368	625	4386	186	0	22796	729	22982
27402	2307	27073	125	0	204	198	329
27419	2128	24002	117	0	3300	658	3417
27435	1259	11978	160	0	15297	236	15457
27441	2288	26564	11	0	866	34	877
27484	2318	27365	79	0	40	37	119
27492	2283	26375	69	0	1048	114	1117
27507	367	1626	190	0	25691	22	25881
27516	1020	8973	73	0	18470	767	18543
27522	2299	26886	104	0	532	352	636
27570	1015	8938	98	0	18534	722	18632
27591	2264	26010	104	0	1477	1474	1581
27600	2257	25927	80	0	1593	649	1673
27643	2176	24737	85	0	2821	539	2906
27647	739	5588	196	0	21863	40	22059
27671	2315	27332	64	0	275	49	339
27720	2324	27527	117	0	76	73	193
27727	2323	27515	53	0	159	156	212
27734	2320	27449	17	0	268	34	285
27743	2325	27623	98	0	22	22	120
27786	496	2972	196	0	24618	115	24814
27814	2312	27294	81	0	439	256	520
27854	2187	24853	118	0	2883	406	3001
27867	2310	27136	55	0	676	272	731
27868	1293	12307	46	0	15515	374	15561
27877	1941	21024	146	0	6707	186	6853
27892	2317	27349	26	0	517	423	543
27893	2286	26445	2	0	1446	113	1448
27908	1954	21218	149	0	6541	111	6690
27939	2304	27040	77	0	822	210	899
27940	1543	15572	3	0	12365	34	12368
27993	2300	26888	115	0	990	336	1105
27997	2247	25827	112	0	2058	75	2170
27998	1534	15472	84	0	12442	668	12526
28029	2181	24777	39	0	3213	336	3252
28033	378	1716	215	0	26102	88	26317
28084	2327	27688	92	0	304	44	396
28094	2328	27694	95	0	305	299	400
28122	2326	27632	36	0	454	294	490
28129	1105	9986	148	0	17995	158	18143
28149	2241	25714	42	0	2393	633	2435
28173	1265	12030	175	0	15968	400	16143
28173	1590	16066	76	0	12031	581	12107
28216	2334	28055	110	0	51	39	161
28222	2335	28103	73	0	46	46	119
28232	1562	15834	96	0	12302	133	12398
28235	2173	24724	11	0	3500	72	3511
28253	2134	24124	32	0	4097	464	4129
28273	2339	28118	57	0	98	98	155
28301	2331	27942	74	0	285	161	359
28307	1906	20510	143	0	7654	384	7797
28332	2338	28111	56	0	165	162	221
28332	2309	27130	76	0	1126	319	1202
28394	2337	28109	93	0	192	192	285
28402	2284	26389	78	0	1935	96	2013
28429	2343	28316	97	0	16	16	113
28439	761	5909	182	0	22348	630	22530
28483	2342	28289	78	0	116	113	194
28486	2336	28107	93	0	286	58	379
28504	2341	28228	75	0	201	201	276
28506	2340	28199	23	0	284	284	307
28520	2345	28448	34	0	38	38	72
28578	498	2981	201	0	25396	146	25597
28580	2311	27270	57	0	1253	1250	1310
28604	2179	24744	125	0	3735	256	3860
28614	1960	21254	52	0	7308	282	7360
28627	2316	27344	120	0	1163	336	1283
28651	2321	27491	25	0	1135	1031	1160
28701	2329	27820	108	0	773	70	881
28705	1812	18982	131	0	9592	169	9723
28706	657	4812	199	0	23695	37	23894
28730	2357	28642	88	0	0	0	88
28747	2295	26790	100	0	1857	178	1957
28784	2353	28572	80	0	132	129	212
28830	2330	27892	51	0	887	253	938
28835	916	7799	164	0	20872	838	21036
28836	978	8631	158	0	20047	427	20205
28841	2352	28568	52	0	221	215	273
28876	2355	28604	38	0	234	231	272
28929	2314	27323	95	0	1511	202	1606
28939	2095	23573	116	0	5250	868	5366
28971	715	5415	182	0	23374	373	23556
28972	2354	28588	48	0	336	119	384
28978	2356	28626	100	0	252	149	352
28984	2360	28701	6	0	277	277	283
28993	2133	24070	76	0	4847	39	4923
29034	2350	28530	63	0	441	247	504
29055	2344	28387	22	0	646	502	668
29058	2033	22350	89	0	6619	152	6708
29097	2351	28544	110	0	443	440	553
29103	589	4059	178	0	24866	177	25044
29111	2366	28904	51	0	156	96	207
29132	2263	25992	100	0	3040	76	3140
29165	2369	29018	65	0	82	79	147
29184	2373	29103	19	0	62	62	81
29196	1117	10142	159	0	18895	360	19054
29212	2371	29059	25	0	128	125	153
29221	2175	24736	45	0	4440	381	4485
29223	2374	29118	97	0	8	5	105
29223	2365	28861	114	0	248	24	362
29233	698	5287	190	0	23756	651	23946
29300	2349	28530	74	0	696	60	770
29322	2379	29206	110	0	6	6	116
29336	1942	21026	142	0	8168	968	8310
29339	2383	29298	40	0	1	1	41
29378	2367	28922	143	0	313	203	456
29402	2368	29000	61	0	341	202	402
29417	2381	29288	114	0	15	12	129
29441	2363	28786	122	0	533	73	655
29442	1668	16987	40	0	12415	73	12455
29459	2390	29412	45	0	2	2	47
29484	1067	9499	156	0	19829	451	19985
29514	1662	16921	107	0	12486	149	12593
29520	2396	29472	47	0	1	1	48
29524	2380	29254	116	0	154	148	270
29543	2389	29386	114	0	43	31	157
29549	2388	29384	7	0	158	76	165
29566	2394	29438	42	0	86	86	128
29574	2387	29366	5	0	203	200	208
29582	2400	29511	8	0	63	63	71
29598	2028	22239	104	0	7255	109	7359
29600	2399	29501	18	0	81	81	99
29617	846	6967	178	0	22472	41	22650
29629	2392	29418	31	0	180	180	211
29639	2364	28837	94	0	708	109	802
29645	2332	27956	20	0	1669	60	1689
29685	2403	29579	103	0	3	0	106
29692	1988	21733	123	0	7836	739	7959
29708	2378	29165	15	0	528	81	543
29740	2382	29292	103	0	345	134	448
29748	2385	29304	36	0	408	403	444
29752	572	3824	215	0	25713	78	25928
29755	1271	12058	156	0	17541	173	17697
29771	2412	29716	26	0	29	26	55
29772	2060	22912	13	0	6847	230	6860
29773	2041	22482	29	0	7262	632	7291
29777	2411	29706	20	0	51	51	71
29836	2213	25109	108	0	4619	747	4727
29863	2401	29547	87	0	229	62	316
29884	758	5818	191	0	23875	199	24066
29886	2039	22452	133	0	7301	1584	7434
29929	2416	29829	90	0	10	7	100
29948	2319	27396	26	0	2526	280	2552
29955	2410	29692	69	0	194	194	263
29958	2391	29416	97	0	445	139	542
29996	2408	29654	41	0	301	301	342
30018	1160	10673	180	0	19165	54	19345
30020	2407	29644	24	0	352	352	376
30043	2423	30000	40	0	3	0	43
30043	2417	29832	90	0	121	71	211
30046	2361	28741	86	0	1219	137	1305
30081	2313	27322	47	0	2712	1122	2759
30088	2421	29957	42	0	89	89	131
30128	2420	29926	38	0	164	52	202
30136	2333	28039	120	0	1977	355	2097
30142	658	4814	183	0	25145	37	25328
30148	2427	30025	20	0	103	103	123
30180	2347	28468	116	0	1596	156	1712
30221	2422	29976	70	0	175	172	245
30227	2434	30220	5	0	2	2	7
30229	2415	29823	93	0	313	83	406
30252	2414	29759	71	0	422	217	493
30257	2377	29163	2	0	1092	198	1094
30259	2424	30004	35	0	220	217	255
30276	768	5965	190	0	24121	195	24311
30304	2346	28450	49	0	1805	138	1854
30327	2372	29065	112	0	1150	648	1262
30360	2135	24131	110	0	6119	725	6229
30367	2436	30264	7	0	96	96	103
30378	2430	30092	71	0	215	212	286
30404	596	4121	205	0	26078	213	26283
30421	2433	30199	40	0	182	179	222
30429	2279	26277	129	0	4023	475	4152
30449	2435	30244	79	0	126	123	205
30465	2431	30142	17	0	306	149	323
30488	1687	17353	89	0	13046	153	13135
30528	1554	15773	144	0	14611	118	14755
30528	2409	29686	62	0	780	142	842
30529	1639	16630	6	0	13893	1400	13899
30537	1112	10104	161	0	20272	468	20433
30541	1089	9812	71	0	20658	658	20729
30548	2440	30510	37	0	1	1	38
30548	2439	30479	69	0	0	0	69
30552	2438	30428	22	0	102	102	124
30600	2428	30085	50	0	465	230	515
30605	1750	18115	152	0	12338	236	12490
30636	2159	24496	51	0	6089	236	6140
30650	1634	16574	155	0	13921	50	14076
30663	861	7081	192	0	23390	1292	23582
30681	2437	30365	48	0	268	36	316
30693	2077	23206	96	0	7391	768	7487
30711	2449	30671	18	0	22	22	40
30723	2419	29920	73	0	730	498	803
30730	2447	30629	20	0	81	56	101
30740	2111	23803	73	0	6864	439	6937
30748	2446	30617	19	0	112	54	131
30797	2426	30019	52	0	726	158	778
30798	645	4679	202	0	25917	839	26119
30822	2429	30090	97	0	635	153	732
30847	1801	18799	89	0	11959	786	12048
30855	1304	12397	158	0	18300	2169	18458
30864	2452	30718	10	0	136	90	146
30882	2418	29872	82	0	928	344	1010
30909	2445	30549	45	0	315	315	360
30910	2108	23710	14	0	7186	87	7200
30911	2402	29553	41	0	1317	447	1358
30918	549	3493	194	0	27231	31	27425
30957	1341	12882	154	0	17921	1155	18075
30958	1097	9854	129	0	20975	104	21104
30963	2455	30785	7	0	171	81	178
30987	2451	30711	23	0	253	71	276
30990	1987	21731	97	0	9162	315	9259
31004	2233	25414	39	0	5551	82	5590
31022	2219	25197	37	0	5788	64	5825
31045	2362	28750	96	0	2199	440	2295
31046	557	3583	199	0	27264	308	27463
31051	2254	25912	64	0	5075	554	5139
31119	2460	31010	65	0	44	41	109
31121	2030	22316	110	0	8695	606	8805
31131	1979	21586	142	0	9403	202	9545
31165	1086	9783	178	0	21204	43	21382
31172	1899	20368	69	0	10735	2418	10804
31176	2462	31092	83	0	1	1	84
31217	1903	20483	123	0	10611	51	10734
31247	1876	20017	151	0	11079	1039	11230
31259	2461	31060	83	0	116	116	199
31283	876	7269	186	0	23828	492	24014
31320	2457	30940	62	0	318	52	380
31333	2456	30938	102	0	293	215	395
31346	2220	25231	115	0	6000	1688	6115
31365	2468	31297	19	0	49	49	68
31375	2450	30679	43	0	653	58	696
31379	1688	17380	149	0	13850	158	13999
31394	2471	31368	26	0	0	0	26
31407	1898	20344	122	0	10941	470	11063
31458	2454	30743	95	0	620	59	715
31459	2465	31272	49	0	138	135	187
31477	2469	31309	99	0	69	66	168
31481	2425	30006	33	0	1442	197	1475
31501	1506	15100	161	0	16240	176	16401
31521	2406	29629	51	0	1841	188	1892
31557	2459	30944	84	0	529	233	613
31561	2370	29026	40	0	2495	706	2535
31589	2442	30517	124	0	948	32	1072
31594	2155	24466	50	0	7078	396	7128
31595	2094	23544	18	0	8033	30	8051
31596	2086	23364	23	0	8209	1003	8232
31603	1779	18607	143	0	12853	536	12996
31631	2163	24549	106	0	6976	520	7082
31632	2413	29753	9	0	1870	71	1879
31633	2164	24550	17	0	7066	111	7083
31653	2027	22219	56	0	9378	110	9434
31691	2474	31421	100	0	170	102	270
31700	1994	21798	127	0	9775	810	9902
31725	856	7022	180	0	24523	346	24703
31734	2002	21889	130	0	9715	897	9845
31737	1925	20800	69	0	10868	71	10937
31740	2071	23052	26	0	8662	148	8688
31790	2476	31625	93	0	72	66	165
31827	2479	31770	55	0	2	2	57
31827	2478	31654	83	0	90	28	173
31838	1989	21734	122	0	9982	1086	10104
31843	359	1533	191	0	30119	436	30310
31857	1427	13999	63	0	17795	241	17858
31873	2097	23582	103	0	8188	288	8291
31898	2178	24742	87	0	7069	576	7156
31918	2470	31329	56	0	533	301	589
31936	2466	31282	64	0	590	94	654
31967	1928	20834	95	0	11038	497	11133
31969	620	4352	203	0	27414	162	27617
31980	1855	19716	120	0	12144	1832	12264
31998	1887	20241	67	0	11690	472	11757
32006	2037	22404	125	0	9477	64	9602
32028	1884	20144	64	0	11820	447	11884
32056	1839	19428	111	0	12517	70	12628
32075	1824	19221	104	0	12750	752	12854
32093	2475	31529	24	0	540	228	564
32097	583	3975	226	0	27896	94	28122
32099	1731	17909	85	0	14105	128	14190
32100	1669	16989	8	0	15103	73	15111
32101	1985	21695	134	0	10272	39	10406
32159	1660	16911	95	0	15153	98	15248
32176	2157	24482	114	0	7580	643	7694
32178	1632	16572	86	0	15520	458	15606
32192	1943	21030	120	0	11042	234	11162
32214	775	6055	200	0	25959	656	26159
32233	451	2533	87	0	29613	151	29700
32238	1683	17169	111	0	14958	170	15069
32252	2484	32000	71	0	181	178	252
32259	1923	20799	68	0	11392	76	11460
32263	1885	20182	35	0	12046	619	12081
32264	1838	19422	8	0	12834	80	12842
32269	2485	32205	61	0	3	0	64
32285	1933	20866	140	0	11279	378	11419
32295	2483	31910	54	0	331	328	385
32301	1655	16767	66	0	15468	309	15534
32358	701	5317	190	0	26851	618	27041
32362	1623	16434	123	0	15805	194	15928
32363	1550	15642	21	0	16700	263	16721
32364	1486	14972	12	0	17380	185	17392
32366	1831	19331	145	0	12890	1644	13035
32376	2477	31634	10	0	732	732	742
32377	2025	22205	23	0	10149	729	10172
32395	2448	30641	104	0	1650	64	1754
32409	1910	20560	76	0	11773	859	11849
32434	1418	13912	119	0	18403	130	18522
32439	1955	21227	38	0	11174	821	11212
32472	690	5137	185	0	27150	236	27335
32474	1869	19920	135	0	12419	795	12554
32482	1835	19393	78	0	13011	80	13089
32485	1875	19961	126	0	12398	153	12524
32496	1991	21768	48	0	10680	262	10728
32497	1924	20799	8	0	11690	80	11698
32498	1836	19405	34	0	13059	101	13093
32507	1830	19293	71	0	13143	312	13214
32557	2490	32288	72	0	197	197	269
32572	1860	19804	115	0	12653	229	12768
32573	1827	19265	15	0	13293	70	13308
32574	1788	18675	8	0	13891	173	13899
32582	1778	18578	71	0	13933	57	14004
32583	1795	18737	135	0	13711	392	13846
32592	2487	32221	9	0	362	362	371
32593	626	4391	181	0	28021	818	28202
32593	1762	18236	64	0	14293	161	14357
32594	1760	18201	39	0	14354	426	14393
32595	1759	18195	3	0	14397	978	14400
32601	1828	19273	68	0	13260	68	13328
32602	1700	17599	47	0	14956	334	15003
32616	1832	19363	112	0	13141	65	13253
32676	1817	19051	118	0	13507	599	13625
32681	1747	18062	156	0	14463	76	14619
32687	1696	17476	156	0	15055	338	15211
32701	568	3806	191	0	28704	355	28895
32723	1741	18018	77	0	14628	673	14705
32743	2493	32534	57	0	152	53	209
32746	1718	17773	63	0	14910	141	14973
32753	1725	17849	135	0	14769	218	14904
32796	2497	32717	50	0	29	29	79
32814	288	630	207	0	31977	74	32184
32819	2482	31866	72	0	881	60	953
32838	2491	32469	96	0	273	96	369
32877	2494	32569	81	0	227	227	308
32879	2017	22080	109	0	10690	308	10799
32880	1712	17667	11	0	15202	928	15213
32891	980	8661	109	0	24121	677	24230
32899	1939	20982	63	0	11854	2787	11917
32944	320	1055	194	0	31695	60	31889
32968	1708	17642	140	0	15186	164	15326
32979	1742	18032	120	0	14827	559	14947
32980	1775	18469	11	0	14500	1004	14511
32981	1724	17841	16	0	15124	374	15140
32982	1713	17676	24	0	15282	73	15306
32985	1703	17617	48	0	15320	94	15368
32985	2496	32673	95	0	217	139	312
32994	1697	17542	72	0	15380	154	15452
33025	1062	9448	183	0	23394	286	23577
33043	1743	18033	121	0	14889	479	15010
33051	1643	16648	117	0	16286	345	16403
33052	1716	17733	31	0	15288	76	15319
33074	1673	17054	96	0	15924	126	16020
33075	1656	16852	36	0	16187	129	16223
33119	1003	8847	171	0	24101	259	24272
33126	2499	32929	9	0	188	26	197
33127	1900	20378	23	0	12726	432	12749
33141	693	5173	183	0	27785	242	27968
33142	1709	17646	158	0	15338	156	15496
33154	1651	16713	155	0	16286	599	16441
33155	1865	19890	42	0	13223	69	13265
33162	1744	18034	92	0	15036	830	15128
33165	1612	16285	49	0	16831	167	16880
33171	1652	16713	86	0	16372	272	16458
33205	2500	33046	63	0	96	96	159
33243	1599	16194	139	0	16910	111	17049
33244	1577	15993	32	0	17219	356	17251
33245	436	2311	219	0	30715	589	30934
33245	1649	16706	130	0	16409	216	16539
33246	1905	20499	7	0	12740	271	12747
33278	1567	15875	93	0	17310	497	17403
33287	2495	32611	96	0	580	62	676
33288	1714	17708	47	0	15533	453	15580
33296	1556	15801	94	0	17401	172	17495
33327	2502	33109	29	0	189	91	218
33330	322	1079	151	0	32100	137	32251
33376	1715	17717	109	0	15550	445	15659
33377	1686	17348	37	0	15992	257	16029
33377	1525	15284	149	0	17944	485	18093
33386	1196	11093	154	0	22139	658	22293
33387	1729	17891	11	0	15485	774	15496
33427	1598	16183	124	0	17120	689	17244
33434	1234	11605	169	0	21660	118	21829
33456	1631	16540	110	0	16806	684	16916
33477	1192	11050	156	0	22271	288	22427
33508	1595	16159	140	0	17209	231	17349
33530	1719	17782	157	0	15591	375	15748
33537	1657	16854	68	0	16615	123	16683
33538	1608	16262	50	0	17226	352	17276
33553	609	4235	195	0	29123	123	29318
33572	2504	33242	61	0	269	266	330
33575	1491	15006	143	0	18426	64	18569
33577	1607	16261	102	0	17214	603	17316
33589	1565	15861	84	0	17644	50	17728
33622	1555	15795	97	0	17730	54	17827
33628	1614	16325	109	0	17194	99	17303
33637	1345	12938	62	0	20637	203	20699
33646	1561	15830	114	0	17702	564	17816
33652	2503	33224	25	0	403	170	428
33662	1564	15853	71	0	17738	828	17809
33678	594	4094	196	0	29388	285	29584
33705	2492	32517	52	0	1136	160	1188
33745	1276	12155	156	0	21434	132	21590
33760	1535	15496	146	0	18118	1366	18264
33769	1368	13244	121	0	20404	410	20525
33783	277	455	205	0	33123	55	33328
33801	1513	15164	110	0	18527	57	18637
33812	1568	15879	154	0	17779	119	17933
33815	1575	15979	72	0	17764	901	17836
33832	1511	15152	5	0	18675	143	18680
33833	1479	14907	69	0	18857	613	18926
33870	1273	12074	158	0	21638	103	21796
33871	1484	14956	32	0	18883	2870	18915
33885	1557	15807	149	0	17929	387	18078
33886	1494	15026	71	0	18789	58	18860
33888	1441	14262	121	0	19505	246	19626
33892	937	8069	181	0	25642	200	25823
33897	1481	14931	88	0	18878	1392	18966
33952	1266	12032	131	0	21789	514	21920
33967	2498	32783	77	0	1107	420	1184
33986	1482	14932	144	0	18910	355	19054
33989	1559	15813	69	0	18107	1083	18176
34002	1490	14998	152	0	18852	1331	19004
34002	1720	17793	121	0	16088	84	16209
34023	1407	13710	93	0	20220	206	20313
34041	1383	13388	80	0	20573	142	20653
34058	1362	13165	89	0	20804	187	20893
34062	1477	14861	129	0	19072	441	19201
34088	2507	33993	80	0	15	9	95
34108	988	8725	175	0	25208	160	25383
34135	1329	12736	158	0	21241	360	21399
34152	1834	19390	119	0	14643	124	14762
34153	1684	17306	49	0	16798	62	16847
34154	1663	16946	35	0	17173	295	17208
34155	1542	15548	155	0	18452	683	18607
34166	1512	15158	145	0	18863	889	19008
34213	1277	12169	182	0	21862	234	22044
34235	1610	16273	131	0	17831	583	17962
34245	1505	15096	156	0	18993	182	19149
34249	1478	14873	24	0	19352	1362	19376
34251	2506	33921	17	0	313	50	330
34252	1914	20611	9	0	13632	188	13641
34254	2505	33347	96	0	811	129	907
34256	1453	14486	52	0	19718	1732	19770
34291	1430	14126	96	0	20069	1482	20165
34292	1485	14962	6	0	19324	190	19330
34317	1460	14580	153	0	19584	340	19737
34320	627	4409	172	0	29739	103	29911
34353	1489	14996	160	0	19197	205	19357
34366	1357	13113	134	0	21119	1857	21253
34386	1520	15231	134	0	19021	886	19155
34420	1355	13071	162	0	21187	64	21349
34432	1501	15082	133	0	19217	64	19350
34433	1439	14241	20	0	20172	317	20192
34435	685	5102	159	0	29174	199	29333
34443	1601	16202	141	0	18100	43	18241
34444	1488	14992	2	0	19450	56	19452
34470	2512	34373	96	0	1	1	97
34472	1419	13914	133	0	20425	150	20558
34473	1414	13842	14	0	20617	456	20631
34489	1363	13173	88	0	21228	255	21316
34490	1332	12798	2	0	21690	208	21692
34491	1331	12758	39	0	21694	196	21733
34492	1296	12331	68	0	22093	788	22161
34494	1291	12276	73	0	22145	54	22218
34495	1258	11970	12	0	22513	42	22525
34496	1254	11916	65	0	22515	200	22580
34517	1337	12851	141	0	21525	965	21666
34526	1243	11780	86	0	22660	1272	22746
34529	1472	14790	136	0	19603	1175	19739
34541	1239	11691	99	0	22751	197	22850
34542	522	3277	183	0	31082	305	31265
34561	1415	13872	97	0	20592	640	20689
34582	1504	15092	94	0	19396	472	19490
34623	1344	12928	137	0	21558	283	21695
34631	1237	11663	183	0	22785	506	22968
34643	671	4941	196	0	29506	2033	29702
34654	1336	12826	146	0	21682	126	21828
34656	2518	34627	18	0	11	8	29
34671	1510	15135	115	0	19421	52	19536
34716	1476	14857	113	0	19746	805	19859
34718	2510	34296	94	0	328	102	422
34719	1157	10637	86	0	23996	52	24082
34744	1101	9904	110	0	24730	1056	24840
34745	1335	12816	154	0	21775	31	21929
34754	646	4695	181	0	29878	1443	30059
34765	917	7801	116	0	26848	429	26964
34766	910	7673	71	0	27022	630	27093
34777	1480	14913	115	0	19749	89	19864
34778	1578	15993	50	0	18735	883	18785
34802	2516	34587	51	0	164	158	215
34802	1493	15018	65	0	19719	1060	19784
34813	906	7592	160	0	27061	370	27221
34814	2521	34794	12	0	8	8	20
34814	1417	13906	6	0	20902	881	20908
34815	1110	10078	60	0	24677	174	24737
34824	1374	13289	78	0	21457	67	21535
34828	1424	13977	99	0	20752	400	20851
34829	1377	13326	60	0	21443	296	21503
34838	2509	34284	25	0	529	110	554
34839	2511	34300	10	0	529	172	539
34846	1369	13249	67	0	21530	119	21597
34860	865	7115	174	0	27571	120	27745
34865	1350	12972	118	0	21775	309	21893
34890	1334	12814	146	0	21930	41	22076
34906	1422	13966	137	0	20803	415	20940
34950	1300	12369	145	0	22436	304	22581
34951	1267	12034	63	0	22854	131	22917
34952	1360	13142	102	0	21708	66	21810
34952	1241	11755	12	0	23185	54	23197
34963	1269	12050	167	0	22746	162	22913
34964	1342	12898	94	0	21972	820	22066
34970	817	6635	162	0	28173	44	28335
34973	1339	12872	61	0	22040	40	22101
34974	1333	12800	74	0	22100	938	22174
34975	1287	12248	55	0	22672	32	22727
34976	1263	12000	59	0	22917	327	22976
34977	1221	11455	13	0	23509	152	23522
34977	957	8303	108	0	26566	66	26674
34988	1289	12273	62	0	22653	39	22715
35010	1200	11128	86	0	23796	402	23882
35032	2508	34097	54	0	881	223	935
35040	1301	12372	166	0	22502	18	22668
35047	2519	34637	15	0	395	395	410
35061	1275	12139	146	0	22776	518	22922
35074	845	6965	197	0	27912	404	28109
35111	1264	12010	124	0	22977	255	23101
35112	1224	11490	7	0	23615	404	23622
35113	1130	10306	78	0	24729	238	24807
35114	1121	10236	41	0	24837	78	24878
35114	1236	11657	134	0	23323	56	23457
35126	1285	12240	90	0	22796	144	22886
35136	1257	11968	123	0	23045	200	23168
35139	1260	11982	61	0	23096	60	23157
35140	1036	9184	81	0	25875	281	25956
35175	1045	9282	161	0	25732	1095	25893
35176	1090	9815	137	0	25224	481	25361
35195	998	8813	128	0	26254	92	26382
35215	1216	11389	135	0	23691	268	23826
35216	1212	11328	27	0	23861	887	23888
35218	1052	9362	183	0	25673	167	25856
35241	2524	35162	75	0	4	1	79
35251	1495	15028	118	0	20105	58	20223
35259	1137	10377	160	0	24722	69	24882
35267	413	2075	175	0	33017	56	33192
35269	1202	11144	116	0	24009	126	24125
35273	2523	35130	76	0	67	32	143
35276	1244	11797	73	0	23406	560	23479
35277	1231	11585	43	0	23649	152	23692
35297	1193	11061	136	0	24100	843	24236
35316	786	6136	135	0	29045	149	29180
35353	1165	10711	152	0	24490	821	24642
35355	936	8064	168	0	27123	404	27291
35364	1255	11942	159	0	23263	210	23422
35388	1184	10916	163	0	24309	126	24472
35405	1204	11172	135	0	24098	495	24233
35427	1158	10645	153	0	24629	379	24782
35428	1148	10550	28	0	24850	179	24878
35429	1147	10540	52	0	24837	129	24889
35438	1274	12098	162	0	23178	1726	23340
35441	585	4010	186	0	31245	557	31431
35458	1058	9404	171	0	25883	351	26054
35498	1145	10505	153	0	24840	48	24993
35499	1292	12293	71	0	23135	94	23206
35500	1188	10981	74	0	24445	189	24519
35518	1194	11072	170	0	24276	563	24446
35519	1186	10927	15	0	24577	905	24592
35520	972	8534	26	0	26960	54	26986
35521	955	8287	89	0	27145	70	27234
35525	1017	8953	169	0	26403	375	26572
35525	924	7849	172	0	27504	1213	27676
35543	2527	35482	61	0	0	0	61
35551	889	7399	92	0	28060	400	28152
35564	1114	10114	152	0	25298	880	25450
35570	1250	11862	148	0	23560	534	23708
35596	1286	12247	138	0	23211	31	23349
35597	1111	10078	117	0	25402	915	25519
35620	1151	10588	87	0	24945	49	25032
35626	630	4566	188	0	30872	52	31060
35627	1220	11453	133	0	24041	194	24174
35630	1080	9714	58	0	25858	1003	25916
35631	1079	9652	18	0	25961	122	25979
35678	1082	9736	167	0	25775	42	25942
35678	1149	10561	101	0	25016	957	25117
35683	2533	35634	43	0	6	3	49
35693	2536	35690	3	0	0	0	3
35709	1071	9516	173	0	26020	304	26193
35730	771	5997	194	0	29539	258	29733
35744	2522	35000	70	0	674	256	744
35747	919	7813	178	0	27756	944	27934
35773	2529	35512	62	0	199	68	261
35790	2532	35584	44	0	162	50	206
35791	721	5456	8	0	30327	255	30335
35803	2531	35582	52	0	169	130	221
35805	713	5373	106	0	30326	36	30432
35806	709	5345	57	0	30404	407	30461
35820	1069	9507	138	0	26175	173	26313
35821	1056	9386	19	0	26416	664	26435
35822	593	4072	204	0	31546	113	31750
35822	1030	9098	39	0	26685	558	26724
35836	1139	10385	105	0	25346	89	25451
35837	1120	10211	78	0	25548	688	25626
35838	1116	10134	55	0	25649	948	25704
35877	677	5031	147	0	30699	450	30846
35878	1095	9834	147	0	25897	124	26044
35884	1027	9058	157	0	26669	798	26826
35885	1024	9006	30	0	26849	909	26879
35886	1013	8922	42	0	26922	73	26964
35887	1001	8842	50	0	26995	41	27045
35913	458	2591	183	0	33139	27	33322
35944	1232	11595	151	0	24198	475	24349
35949	997	8795	137	0	27017	427	27154
35949	903	7583	169	0	28197	1634	28366
35989	1037	9215	176	0	26598	2148	26774
36000	1046	9303	165	0	26532	705	26697
36002	809	6429	97	0	29476	1279	29573
36003	1047	9306	69	0	26628	158	26697
36013	1033	9142	153	0	26718	156	26871
36039	964	8371	157	0	27511	113	27668
36069	1180	10854	109	0	25106	103	25215
36075	765	5930	165	0	29980	41	30145
36075	1060	9409	120	0	26546	447	26666
36078	985	8693	45	0	27340	555	27385
36080	1004	8857	51	0	27172	387	27223
36084	990	8767	171	0	27146	44	27317
36085	993	8772	146	0	27167	896	27313
36085	1059	9409	42	0	26634	827	26676
36086	1103	9934	2	0	26150	1074	26152
36086	1054	9372	55	0	26659	2305	26714
36102	1010	8906	150	0	27046	643	27196
36114	1044	9278	117	0	26719	334	26836
36131	991	8767	138	0	27226	1111	27364
36132	956	8293	5	0	27834	24	27839
36155	774	6019	162	0	29974	42	30136
36164	1088	9804	167	0	26193	58	26360
36165	1123	10253	30	0	25882	317	25912
36166	1066	9477	2	0	26687	277	26689
36167	945	8146	163	0	27858	622	28021
36167	1014	8925	108	0	27134	955	27242
36180	1007	8868	76	0	27236	1515	27312
36186	981	8668	161	0	27357	524	27518
36188	952	8228	78	0	27882	1261	27960
36189	1005	8860	157	0	27172	52	27329
36190	930	7901	75	0	28214	77	28289
36198	943	8134	93	0	27971	1354	28064
36212	971	8458	143	0	27611	393	27754
36228	2537	36100	16	0	112	112	128
36231	928	7883	193	0	28155	281	28348
36245	1048	9338	108	0	26799	900	26907
36247	995	8775	91	0	27381	54	27472
36254	631	4570	218	0	31466	132	31684
36275	1143	10484	174	0	25617	58	25791
36284	915	7797	123	0	28364	50	28487
36294	922	7839	168	0	28287	363	28455
36310	977	8625	120	0	27565	63	27685
36318	883	7334	104	0	28880	166	28984
36319	879	7299	15	0	29005	366	29020
36320	874	7213	94	0	29013	293	29107
36321	864	7101	17	0	29203	206	29220
36324	860	7071	77	0	29176	47	29253
36326	259	110	208	0	36008	181	36216
36336	1000	8817	137	0	27382	937	27519
36352	1136	10368	132	0	25852	278	25984
36364	1115	10116	150	0	26098	486	26248
36376	841	6810	124	0	29442	508	29566
36398	1078	9648	111	0	26639	124	26750
36401	371	1652	176	0	34573	419	34749
36428	1012	8921	163	0	27344	1998	27507
36455	832	6761	180	0	29514	203	29694
36458	982	8672	170	0	27616	1004	27786
36478	635	4609	175	0	31694	67	31869
36494	2538	36276	41	0	177	45	218
36495	1049	9340	93	0	27062	191	27155
36496	996	8780	83	0	27633	53	27716
36497	986	8707	70	0	27720	599	27790
36498	958	8320	49	0	28129	385	28178
36505	1011	8914	203	0	27388	808	27591
36506	969	8432	172	0	27902	188	28074
36542	931	7909	128	0	28505	621	28633
36549	967	8407	148	0	27994	195	28142
36550	744	5651	77	0	30822	231	30899
36558	649	4717	158	0	31683	797	31841
36561	743	5647	136	0	30778	190	30914
36562	938	8081	34	0	28447	267	28481
36565	2539	36497	56	0	12	12	68
36567	1031	9098	165	0	27304	692	27469
36586	961	8341	84	0	28161	514	28245
36599	909	7671	156	0	28772	100	28928
36600	975	8607	65	0	27928	701	27993
36601	920	7815	22	0	28764	1345	28786
36628	878	7290	143	0	29195	1509	29338
36632	908	7620	61	0	28951	1006	29012
36638	748	5695	166	0	30777	645	30943
36639	733	5538	94	0	31007	82	31101
36674	628	4502	168	0	32004	373	32172
36683	921	7815	176	0	28692	663	28868
36684	904	7584	36	0	29064	257	29100
36685	728	5499	99	0	31087	105	31186
36712	777	6067	155	0	30490	519	30645
36743	959	8324	159	0	28260	307	28419
36743	738	5570	169	0	31004	212	31173
36744	1009	8895	68	0	27781	605	27849
36745	999	8814	107	0	27824	488	27931
36748	953	8267	72	0	28409	54	28481
36755	870	7177	177	0	29401	90	29578
36756	951	8226	14	0	28516	114	28530
36757	950	8198	77	0	28482	25	28559
36778	932	8002	159	0	28617	633	28776
36781	872	7193	190	0	29398	499	29588
36800	907	7616	159	0	29025	103	29184
36803	900	7570	183	0	29050	273	29233
36805	973	8552	70	0	28183	668	28253
36806	946	8158	89	0	28559	902	28648
36807	944	8144	75	0	28588	1403	28663
36808	933	8007	53	0	28748	2281	28801
36808	905	7588	75	0	29145	50	29220
36809	822	6678	27	0	30104	31	30131
36809	891	7506	41	0	29262	799	29303
36827	814	6599	95	0	30133	82	30228
36828	799	6257	54	0	30517	38	30571
36829	798	6251	38	0	30540	151	30578
36830	848	6992	160	0	29678	516	29838
36830	782	6122	19	0	30689	212	30708
36831	767	5959	61	0	30811	522	30872
36853	881	7320	135	0	29398	868	29533
36854	2542	36792	55	0	7	4	62
36854	873	7205	43	0	29606	97	29649
36855	850	6998	2	0	29855	313	29857
36859	705	5336	183	0	31340	50	31523
36873	763	5913	153	0	30807	239	30960
36874	756	5769	60	0	31045	1172	31105
36875	749	5702	13	0	31160	41	31173
36876	747	5686	13	0	31177	293	31190
36877	745	5657	6	0	31214	39	31220
36893	811	6529	160	0	30204	40	30364
36900	842	6842	92	0	29966	875	30058
36901	884	7335	56	0	29510	23	29566
36902	833	6765	5	0	30132	241	30137
36903	826	6693	64	0	30146	138	30210
36921	742	5643	130	0	31148	40	31278
36922	740	5613	61	0	31248	547	31309
36937	417	2087	191	0	34659	112	34850
36937	802	6275	136	0	30526	111	30662
36961	823	6680	172	0	30109	31	30281
36971	730	5513	191	0	31267	148	31458
36972	760	5889	67	0	31016	350	31083
36973	746	5665	14	0	31294	37	31308
36974	726	5485	57	0	31432	748	31489
36975	720	5452	35	0	31488	835	31523
36976	719	5440	80	0	31456	494	31536
36977	716	5424	21	0	31532	35	31553
36978	714	5403	26	0	31549	34	31575
36979	755	5767	169	0	31043	880	31212
36998	621	4358	194	0	32446	138	32640
37031	2546	36918	71	0	42	36	113
37034	750	5713	157	0	31164	507	31321
37041	710	5346	117	0	31578	529	31695
37041	923	7845	114	0	29082	655	29196
37042	699	5298	33	0	31711	46	31744
37042	805	6344	103	0	30595	34	30698
37061	486	2884	188	0	33989	349	34177
37083	2548	37064	3	0	16	16	19
37099	686	5105	158	0	31836	92	31994
37101	2547	36921	68	0	112	71	180
37110	2545	36899	75	0	136	16	211
37120	562	3641	158	0	33321	676	33479
37130	804	6301	186	0	30643	183	30829
37151	902	7581	170	0	29400	287	29570
37152	976	8622	104	0	28426	257	28530
37155	812	6540	144	0	30471	103	30615
37179	821	6675	124	0	30380	182	30504
37180	666	4898	148	0	32134	133	32282
37183	788	6141	129	0	30913	233	31042
37194	863	7095	120	0	29979	1867	30099
37213	800	6263	163	0	30787	46	30950
37217	780	6102	169	0	30946	135	31115
37218	741	5636	63	0	31519	23	31582
37236	573	3832	218	0	33186	317	33404
37237	776	6060	119	0	31058	183	31177
37238	717	5426	100	0	31712	35	31812
37239	501	3017	98	0	34124	338	34222
37241	491	2950	66	0	34225	139	34291
37252	734	5540	146	0	31566	184	31712
37255	688	5124	136	0	31995	1175	32131
37256	736	5543	156	0	31557	130	31713
37257	830	6747	86	0	30424	76	30510
37258	803	6295	18	0	30945	271	30963
37259	794	6209	79	0	30971	82	31050
37261	664	4885	103	0	32273	841	32376
37263	2549	37206	51	0	6	6	57
37284	2553	37230	32	0	22	22	54
37289	696	5262	132	0	31895	350	32027
37295	602	4154	173	0	32968	394	33141
37296	587	4029	96	0	33171	745	33267
37297	570	3812	67	0	33418	383	33485
37298	554	3541	54	0	33703	67	33757
37323	689	5128	132	0	32063	325	32195
37324	605	4175	170	0	32979	2974	33149
37325	2552	37224	38	0	63	60	101
37326	644	4675	82	0	32569	196	32651
37327	604	4160	62	0	33105	137	33167
37328	579	3909	22	0	33397	404	33419
37331	550	3504	173	0	33654	54	33827
37332	529	3322	123	0	33887	19	34010
37373	571	3824	193	0	33356	656	33549
37379	722	5464	193	0	31722	237	31915
37381	402	2003	161	0	35217	70	35378
37384	523	3285	132	0	33967	225	34099
37385	492	2952	81	0	34352	139	34433
37386	478	2764	27	0	34595	88	34622
37417	697	5282	146	0	31989	604	32135
37418	695	5258	58	0	32102	95	32160
37419	659	4814	12	0	32593	179	32605
37420	656	4806	74	0	32540	62	32614
37421	606	4191	38	0	33192	281	33230
37422	597	4124	11	0	33287	69	33298
37431	471	2714	159	0	34558	800	34717
37438	567	3804	173	0	33461	425	33634
37439	530	3335	169	0	33935	1459	34104
37439	890	7415	79	0	29945	432	30024
37441	586	4015	112	0	33314	497	33426
37442	532	3341	41	0	34060	533	34101
37447	806	6386	108	0	30953	212	31061
37479	439	2335	164	0	34980	22	35144
37481	706	5339	142	0	32000	49	32142
37482	797	6237	168	0	31077	195	31245
37483	795	6217	47	0	31219	849	31266
37484	764	5929	47	0	31508	507	31555
37485	682	5073	88	0	32324	92	32412
37486	676	4997	42	0	32447	216	32489
37506	679	5045	138	0	32323	467	32461
37507	665	4895	13	0	32599	256	32612
37508	614	4271	105	0	33132	62	33237
37524	510	3102	186	0	34236	524	34422
37525	426	2225	157	0	35143	593	35300
37542	653	4772	220	0	32550	20	32770
37543	651	4754	193	0	32596	72	32789
37558	592	4071	135	0	33352	156	33487
37559	576	3874	40	0	33645	37	33685
37561	2551	37215	47	0	299	95	346
37575	2555	37531	40	0	4	1	44
37584	563	3655	144	0	33785	45	33929
37585	766	5950	131	0	31504	41	31635
37587	539	3427	116	0	34044	121	34160
37588	490	2949	45	0	34594	450	34639
37598	2559	37562	19	0	17	14	36
37601	769	5971	164	0	31466	157	31630
37605	752	5750	48	0	31807	179	31855
37619	791	6178	179	0	31262	227	31441
37622	260	119	202	0	37301	272	37503
37623	488	2907	117	0	34599	520	34716
37624	487	2898	75	0	34651	1520	34726
37630	547	3483	119	0	34028	511	34147
37658	647	4696	131	0	32831	264	32962
37659	457	2587	137	0	34935	119	35072
37661	668	4905	179	0	32577	162	32756
37665	444	2427	153	0	35085	814	35238
37679	2561	37644	28	0	7	4	35
37682	610	4245	109	0	33328	172	33437
37687	441	2347	4	0	35336	134	35340
37690	2562	37646	25	0	19	20	44
37693	452	2541	109	0	35043	35	35152
37694	381	1728	91	0	35875	28	35966
37702	615	4276	152	0	33274	408	33426
37724	2558	37554	27	0	143	143	170
37725	925	7873	58	0	29794	68	29852
37725	521	3246	121	0	34358	45	34479
37726	548	3487	68	0	34171	337	34239
37727	479	2770	46	0	34911	415	34957
37728	476	2738	104	0	34886	189	34990
37729	454	2572	71	0	35086	8	35157
37730	450	2527	55	0	35148	420	35203
37731	406	2039	49	0	35643	80	35692
37732	541	3445	136	0	34151	454	34287
37762	389	1867	166	0	35729	238	35895
37763	326	1117	167	0	36479	132	36646
37763	376	1710	89	0	35964	545	36053
37764	675	4980	132	0	32652	113	32784
37764	366	1624	23	0	36117	331	36140
37770	285	524	125	0	37121	565	37246
37771	274	407	9	0	37355	91	37364
37781	399	1977	120	0	35684	32	35804
37785	362	1573	140	0	36072	24	36212
37786	650	4754	90	0	32942	42	33032
37787	534	3359	104	0	34324	34	34428
37788	533	3356	80	0	34352	29	34432
37789	504	3053	27	0	34709	1553	34736
37794	377	1712	141	0	35941	437	36082
37798	485	2879	162	0	34757	314	34919
37808	286	528	121	0	37159	73	37280
37808	440	2341	178	0	35289	2159	35467
37810	456	2582	68	0	35160	162	35228
37819	660	4841	149	0	32829	266	32978
37820	446	2509	55	0	35256	94	35311
37827	374	1686	119	0	36022	253	36141
37832	2543	36798	52	0	982	408	1034
37832	372	1672	123	0	36037	24	36160
37833	629	4518	32	0	33283	190	33315
37834	520	3243	112	0	34479	28	34591
37835	513	3139	101	0	34595	36	34696
37835	254	21	165	0	37649	275	37814
37836	489	2931	100	0	34805	386	34905
37837	463	2614	2	0	35221	44	35223
37838	455	2578	83	0	35177	224	35260
37839	443	2383	38	0	35418	768	35456
37840	435	2292	223	0	35325	16	35548
37841	422	2191	69	0	35581	294	35650
37842	421	2137	98	0	35607	26	35705
37843	408	2045	86	0	35712	26	35798
37844	403	2005	88	0	35751	110	35839
37845	394	1905	13	0	35927	32	35940
37847	370	1642	142	0	36063	70	36205
37848	365	1611	88	0	36149	137	36237
37849	297	717	136	0	36996	419	37132
37849	363	1592	111	0	36146	178	36257
37850	349	1355	108	0	36387	628	36495
37851	347	1326	120	0	36405	18	36525
37852	333	1205	103	0	36544	103	36647
37853	416	2085	57	0	35711	102	35768
37853	327	1138	26	0	36689	125	36715
37855	601	4153	69	0	33633	148	33702
37857	445	2441	69	0	35347	1389	35416
37859	309	958	121	0	36780	73	36901
37861	459	2593	32	0	35236	55	35268
37862	473	2724	28	0	35110	231	35138
37863	420	2107	78	0	35678	98	35756
37865	318	1031	146	0	36688	475	36834
37866	643	4665	11	0	33190	35	33201
37867	423	2201	12	0	35654	463	35666
37872	315	1011	139	0	36722	24	36861
37875	393	1885	160	0	35830	588	35990
37876	332	1202	108	0	36566	74	36674
37877	331	1196	105	0	36576	308	36681
37878	311	984	126	0	36768	45	36894
37879	407	2044	109	0	35726	129	35835
37879	310	964	90	0	36825	95	36915
37880	299	723	116	0	37041	724	37157
37880	298	718	135	0	37027	751	37162
37881	296	710	126	0	37045	485	37171
37882	368	1626	73	0	36183	136	36256
37882	294	693	128	0	37061	16	37189
37883	262	211	104	0	37568	59	37672
37884	261	194	121	0	37569	68	37690
37886	591	4064	95	0	33727	412	33822
37902	427	2226	267	0	35409	14	35676
37903	301	744	221	0	36938	54	37159
37904	323	1102	71	0	36731	829	36802
37914	461	2606	50	0	35258	345	35308
37916	412	2073	134	0	35709	432	35843
37935	551	3505	202	0	34228	136	34430
37940	391	1872	161	0	35907	1361	36068
190	256	24	162	0	4	0	166
280	257	31	242	0	7	58	249
420	269	324	92	0	4	49	96
420	268	320	96	0	4	0	100
592	280	464	127	0	1	0	128
592	278	458	133	0	1	0	134
631	282	475	152	0	4	0	156
631	281	474	153	0	4	0	157
689	293	664	24	0	1	0	25
689	292	663	25	0	1	0	26
936	306	859	76	0	1	62	77
936	305	836	99	0	1	0	100
972	300	732	233	0	7	58	240
1184	317	1025	152	0	7	54	159
1196	313	990	140	0	66	21	206
1200	295	699	51	0	450	408	501
1265	336	1218	46	0	1	0	47
1265	334	1205	59	0	1	0	60
1366	339	1249	116	0	1	20	117
1366	337	1223	142	0	1	0	143
1436	342	1282	144	0	10	28	154
1436	341	1279	147	0	10	0	157
1481	355	1467	13	0	1	0	14
1481	354	1465	15	0	1	0	16
1567	343	1286	145	0	136	114	281
1947	380	1726	205	0	16	0	221
2179	414	2079	99	0	1	58	100
2179	411	2066	112	0	1	0	113
2221	386	1822	117	0	282	159	399
2292	431	2242	49	0	1	0	50
2292	429	2236	55	0	1	0	56
2363	253	15	238	0	2110	261	2348
2363	252	10	243	0	2110	287	2353
2487	287	611	211	0	1665	16	1876
2511	266	310	19	0	2182	349	2201
2579	453	2543	32	0	4	0	36
2579	449	2527	48	0	4	51	52
2584	303	787	61	0	1736	411	1797
2675	383	1752	39	0	884	64	923
2681	468	2658	22	0	1	0	23
2681	467	2656	24	0	1	0	25
2725	350	1383	38	0	1304	26	1342
2822	462	2610	208	0	4	0	212
2868	481	2779	82	0	7	53	89
2868	480	2772	89	0	7	0	96
2888	409	2049	146	0	693	54	839
2888	396	1909	147	0	832	624	979
3024	484	2848	163	0	13	31	176
3024	483	2839	172	0	13	69	185
3076	500	2992	83	0	1	0	84
3076	499	2988	87	0	1	0	88
3078	506	3063	14	0	1	0	15
3155	270	325	205	0	2625	103	2830
3206	425	2223	47	0	936	702	983
3239	512	3119	116	0	4	0	120
3239	511	3112	123	0	4	67	127
3298	357	1499	117	0	1682	389	1799
3489	271	347	128	0	3014	76	3142
3597	263	289	240	0	3068	135	3308
3648	525	3306	57	0	285	23	342
3677	545	3465	205	0	7	182	212
3694	390	1869	224	0	1601	222	1825
3793	561	3620	166	0	7	14	173
3793	559	3600	186	0	7	0	193
3827	507	3077	26	0	724	130	750
4012	273	389	97	0	3526	45	3623
4114	580	3911	196	0	7	0	203
4114	578	3892	212	0	10	52	222
4225	344	1290	234	0	2701	217	2935
4407	546	3477	18	0	912	910	930
4461	617	4287	167	0	7	0	174
4461	616	4280	174	0	7	0	181
4509	599	4141	82	0	286	230	368
4509	302	783	122	0	3604	313	3726
4628	345	1302	181	0	3145	362	3326
4678	314	998	146	0	3534	505	3680
4694	465	2639	142	0	1913	456	2055
4778	555	3543	28	0	1207	422	1235
4814	540	3435	17	0	1362	88	1379
4967	514	3159	85	0	1723	32	1808
5050	669	4912	134	0	4	37	138
5236	276	447	213	0	4576	1024	4789
5279	672	4957	139	0	183	17	322
5370	493	2964	115	0	2291	291	2406
5370	405	2019	124	0	3227	22	3351
5611	611	4248	207	0	1156	374	1363
5642	700	5310	103	0	229	88	332
5642	623	4375	203	0	1064	304	1267
5792	542	3447	219	0	2126	61	2345
5896	731	5516	90	0	290	36	380
5928	524	3299	49	0	2580	241	2629
5928	361	1563	57	0	4308	24	4365
5930	442	2369	190	0	3371	1215	3561
5946	757	5771	165	0	10	143	175
5947	430	2238	283	0	3426	105	3709
6097	291	658	40	0	5399	427	5439
6142	329	1152	62	0	4928	35	4990
6158	470	2704	76	0	3378	194	3454
6188	773	6013	168	0	7	137	175
6270	304	802	163	0	5305	687	5468
6305	703	5328	217	0	760	214	977
6400	793	6208	188	0	4	0	192
6400	792	6189	207	0	4	48	211
6558	718	5437	217	0	904	32	1121
6596	360	1554	122	0	4920	64	5042
6610	810	6518	8	0	84	0	92
6614	600	4150	64	0	2400	324	2464
6767	704	5335	70	0	1362	49	1432
6801	818	6638	159	0	4	0	163
6934	840	6805	128	0	1	2	129
6934	839	6801	132	0	1	0	133
6985	419	2099	96	0	4790	104	4886
7013	851	7001	11	0	1	0	12
7013	849	6994	18	0	1	0	19
7280	401	1995	212	0	5073	74	5285
7320	608	4225	222	0	2873	173	3095
7497	888	7395	95	0	7	2	102
7497	887	7386	104	0	7	0	111
7561	438	2327	138	0	5096	24	5234
7592	379	1720	180	0	5692	391	5872
7606	725	5477	113	0	2016	365	2129
7621	358	1532	71	0	6018	525	6089
7642	564	3702	245	0	3695	215	3940
7732	395	1907	162	0	5663	96	5825
7758	901	7573	178	0	7	2	185
7810	324	1108	31	0	6671	40	6702
7944	516	3219	185	0	4540	607	4725
8056	929	7884	171	0	1	55	172
8056	927	7880	175	0	1	113	176
8098	418	2093	199	0	5806	30	6005
8295	553	3536	171	0	4588	89	4759
8523	968	8407	112	0	4	0	116
8523	966	8399	120	0	4	0	124
8527	963	8370	147	0	10	0	157
8688	637	4620	202	0	3866	32	4068
8719	882	7332	158	0	1229	82	1387
8742	984	8692	46	0	4	0	50
8841	527	3310	32	0	5499	55	5531
8841	384	1805	42	0	6994	38	7036
8850	962	8363	11	0	476	465	487
8940	911	7691	63	0	1186	88	1249
8940	824	6689	65	0	2186	706	2251
8962	565	3746	156	0	5060	124	5216
8979	678	5035	59	0	3885	223	3944
8979	582	3935	67	0	4977	374	5044
9037	1025	9009	27	0	1	0	28
9168	1021	8979	173	0	16	0	189
9168	1019	8956	196	0	16	92	212
9335	1041	9244	90	0	1	0	91
9335	1039	9234	100	0	1	0	101
9368	694	5256	158	0	3954	55	4112
9376	1053	9370	5	0	1	0	6
9455	1063	9451	3	0	1	0	4
9460	858	7054	62	0	2344	2381	2406
9541	784	6126	85	0	3330	307	3415
9541	708	5343	92	0	4106	636	4198
9583	1065	9471	111	0	1	0	112
9583	1064	9467	115	0	1	0	116
9594	825	6691	60	0	2843	44	2903
9594	346	1320	79	0	8195	400	8274
9693	469	2684	233	0	6776	34	7009
9693	382	1746	243	0	7704	65	7947
9705	1072	9517	172	0	16	0	188
9709	515	3215	157	0	6337	453	6494
9830	737	5547	11	0	4272	385	4283
9849	1075	9580	156	0	113	0	269
9933	652	4764	98	0	5071	123	5169
9985	894	7516	94	0	2375	1112	2469
10004	1099	9870	130	0	4	115	134
10004	1096	9851	149	0	4	47	153
10132	569	3808	85	0	6239	34	6324
10136	581	3919	170	0	6047	341	6217
10265	352	1463	194	0	8608	31	8802
10265	312	989	195	0	9081	66	9276
10289	859	7058	163	0	3068	81	3231
10313	954	8271	158	0	1884	30	2042
10346	1131	10309	36	0	1	0	37
10367	852	7002	53	0	3312	423	3365
10441	914	7787	214	0	2440	195	2654
10502	1135	10363	138	0	1	0	139
10502	1134	10358	143	0	1	0	144
10564	680	5051	185	0	5328	37	5513
10704	1159	10662	41	0	1	0	42
10704	1156	10626	74	0	4	0	78
10894	1175	10804	89	0	1	0	90
10894	1173	10793	100	0	1	0	101
10944	1164	10703	66	0	175	203	241
10944	692	5147	83	0	5714	137	5797
10957	1126	10280	192	0	485	288	677
10974	948	8180	55	0	2739	56	2794
11021	661	4863	218	0	5940	158	6158
11021	590	4061	220	0	6740	278	6960
11050	1187	10932	114	0	4	0	118
11050	1185	10921	125	0	4	0	129
11155	1176	10812	132	0	211	284	343
11261	1199	11120	137	0	4	1	141
11261	1197	11103	154	0	4	0	158
11274	308	861	237	0	10176	84	10413
11274	307	860	238	0	10176	73	10414
11418	1043	9258	167	0	1993	422	2160
11428	1217	11398	29	0	1	0	30
11428	1215	11379	42	0	7	0	49
11471	1211	11308	159	0	4	0	163
11471	1210	11299	168	0	4	0	172
11477	835	6789	178	0	4510	442	4688
11719	1230	11585	133	0	1	54	134
11719	1229	11582	136	0	1	49	137
12011	1249	11848	159	0	4	121	163
12011	1248	11844	163	0	4	0	167
12046	862	7090	212	0	4744	295	4956
12413	1124	10256	15	0	2142	822	2157
12418	1278	12187	153	0	78	0	231
12606	1314	12483	119	0	4	59	123
12606	1310	12457	145	0	4	0	149
12609	1312	12461	141	0	7	0	148
12668	1325	12653	14	0	1	0	15
12668	1322	12638	29	0	1	0	30
12790	1328	12702	84	0	4	0	88
12790	1327	12699	87	0	4	0	91
12816	1324	12644	168	0	4	0	172
12816	1323	12642	170	0	4	0	174
13066	1349	12968	91	0	7	0	98
13067	607	4211	221	0	8635	44	8856
13317	1375	13304	9	0	4	0	13
13462	1379	13347	114	0	1	0	115
13505	1384	13389	112	0	4	0	116
13505	1382	13376	125	0	4	0	129
13521	1389	13509	11	0	1	0	12
13521	1388	13508	12	0	1	0	13
13624	1397	13592	31	0	1	0	32
13624	1396	13591	32	0	1	0	33
13643	1394	13568	71	0	4	55	75
13643	1392	13553	83	0	7	33	90
13785	1406	13709	69	0	7	0	76
13878	1410	13716	155	0	7	0	162
13878	1409	13715	156	0	7	50	163
14397	1452	14385	11	0	1	0	12
14397	1450	14381	15	0	1	0	16
14557	1451	14384	169	0	4	0	173
14557	1449	14381	172	0	4	147	176
14649	1434	14150	196	0	303	0	499
14736	1459	14576	150	0	10	0	160
14736	1458	14572	154	0	10	0	164
14752	1445	14344	98	0	310	211	408
14773	1464	14616	153	0	4	0	157
14773	1463	14615	154	0	4	0	158
14927	1473	14793	133	0	1	0	134
14927	1470	14774	152	0	1	1	153
15016	1474	14799	173	0	44	0	217
15122	1503	15088	33	0	1	0	34
15122	1502	15086	35	0	1	0	36
15167	1509	15134	29	0	4	0	33
15167	1508	15125	38	0	4	0	42
15198	1483	14948	157	0	93	54	250
15211	654	4776	215	0	10220	185	10435
15437	1526	15289	144	0	4	0	148
15441	1531	15337	100	0	4	0	104
15441	1530	15329	108	0	4	0	112
15610	1541	15547	62	0	1	0	63
15610	1540	15544	65	0	1	0	66
15780	1548	15634	139	0	7	0	146
15780	1547	15632	141	0	7	0	148
16057	1587	16034	22	0	1	0	23
16057	1585	16028	28	0	1	0	29
16090	1583	16021	68	0	1	17	69
16090	1581	16019	70	0	1	0	71
16216	1594	16145	64	0	7	0	71
16375	1611	16282	86	0	7	0	93
16551	1627	16460	87	0	4	0	91
16551	1626	16449	98	0	4	0	102
16557	1625	16442	108	0	7	99	115
16557	1622	16434	116	0	7	0	123
16672	1641	16637	31	0	4	0	35
16672	1638	16627	41	0	4	0	45
16840	1650	16713	123	0	4	0	127
17006	1647	16687	167	0	152	78	319
17261	1680	17111	149	0	1	111	150
17261	1679	17110	150	0	1	0	151
17267	1678	17109	151	0	7	0	158
17478	1694	17450	24	0	4	0	28
17478	1693	17442	32	0	4	0	36
17776	1710	17650	116	0	10	40	126
17776	1707	17641	125	0	10	0	135
17879	1591	16107	171	0	1601	823	1772
17907	994	8774	134	0	8999	1128	9133
17927	1730	17900	26	0	1	0	27
17927	1728	17888	38	0	1	0	39
18194	1758	18185	8	0	1	0	9
18194	1757	18180	13	0	1	0	14
18194	1755	18170	23	0	1	0	24
18418	1706	17641	162	0	615	169	777
18425	1769	18324	94	0	7	0	101
18478	1773	18351	117	0	10	0	127
18478	1772	18331	137	0	10	0	147
18614	869	7169	207	0	11238	90	11445
18684	1786	18665	18	0	1	1	19
18684	1785	18664	19	0	1	0	20
18713	1792	18692	20	0	1	0	21
18713	1791	18685	27	0	1	0	28
18864	1723	17837	93	0	934	699	1027
18864	1674	17058	96	0	1710	130	1806
18931	1798	18774	147	0	10	68	157
18931	1797	18754	167	0	10	110	177
18945	1421	13951	157	0	4837	434	4994
18971	1804	18848	113	0	10	0	123
18971	1803	18830	131	0	10	0	141
19094	1235	11613	161	0	7320	114	7481
19110	1813	18986	123	0	1	0	124
19110	1811	18980	129	0	1	0	130
19196	1820	19120	72	0	4	69	76
19196	1818	19074	115	0	7	39	122
19493	1588	16051	2	0	3440	252	3442
19636	1833	19390	125	0	121	120	246
19861	1857	19737	111	0	13	95	124
19861	1853	19708	140	0	13	61	153
19907	1810	18978	165	0	764	375	929
20012	1856	19731	119	0	162	0	281
20043	1871	19941	98	0	4	0	102
20079	866	7116	200	0	12763	77	12963
20203	1882	20079	117	0	7	0	124
20203	1881	20073	123	0	7	0	130
20207	1880	20067	130	0	10	0	140
20394	1893	20282	111	0	1	78	112
20504	1904	20485	18	0	1	4	19
20504	1902	20475	28	0	1	0	29
20759	1921	20706	52	0	1	0	53
20759	1918	20671	87	0	1	0	88
20762	1919	20674	84	0	4	0	88
20987	1872	19945	58	0	984	339	1042
21010	1934	20876	130	0	4	1	134
21207	1949	21093	113	0	1	0	114
21207	1947	21084	122	0	1	55	123
21280	1070	9511	187	0	11582	237	11769
21307	1958	21244	62	0	1	1	63
21307	1957	21241	65	0	1	0	66
21485	1971	21411	70	0	4	50	74
21485	1969	21402	79	0	4	0	83
21537	1977	21522	14	0	1	0	15
21537	1976	21513	23	0	1	0	24
21739	871	7179	175	0	14385	138	14560
21965	2009	21952	12	0	1	4	13
21965	2007	21929	35	0	1	0	36
22108	2013	22023	78	0	7	0	85
22108	2012	22016	85	0	7	0	92
22156	2023	22118	37	0	1	0	38
22156	2022	22109	46	0	1	0	47
22218	1574	15939	185	0	6094	1062	6279
22633	2047	22550	82	0	1	0	83
22633	2045	22536	96	0	1	0	97
23069	2066	22964	101	0	4	0	105
23069	2065	22951	114	0	4	0	118
23174	2070	23040	124	0	10	0	134
23174	2069	23034	130	0	10	49	140
23313	2082	23271	41	0	1	0	42
23313	2081	23253	56	0	4	20	60
23505	2091	23390	108	0	7	76	115
23505	2089	23388	110	0	7	92	117
23661	356	1487	209	0	21965	239	22174
23706	2107	23682	20	0	4	0	24
23774	2104	23632	129	0	13	0	142
23774	2103	23629	132	0	13	135	145
23920	2120	23870	49	0	1	0	50
23920	2119	23868	51	0	1	0	52
23920	2121	23874	45	0	1	0	46
23973	1861	19863	93	0	4017	779	4110
23985	502	3040	218	0	20727	19	20945
24076	2127	23986	86	0	4	0	90
24076	2126	23985	87	0	4	0	91
24119	2132	24056	62	0	1	0	63
24119	2131	24052	66	0	1	0	67
24274	1780	18637	146	0	5491	78	5637
24423	942	8110	187	0	16126	44	16313
24423	820	6671	189	0	17563	128	17752
24469	2154	24425	43	0	1	0	44
24469	2151	24374	94	0	1	78	95
24675	2170	24623	48	0	4	0	52
24675	2169	24622	49	0	4	0	53
24681	2166	24575	99	0	7	0	106
24681	2165	24553	121	0	7	0	128
24894	2190	24870	23	0	1	0	24
24894	2189	24868	25	0	1	0	26
24924	2136	24134	118	0	672	78	790
24956	2196	24946	9	0	1	0	10
24956	2195	24944	11	0	1	0	12
24975	2202	24970	4	0	1	0	5
24975	2201	24969	5	0	1	0	6
24975	2200	24961	13	0	1	0	14
24976	2197	24948	24	0	4	0	28
25187	2211	25088	95	0	4	0	99
25187	2210	25080	103	0	4	0	107
25282	2208	25062	120	0	100	103	220
25449	2231	25375	67	0	7	0	74
25449	2228	25356	86	0	7	0	93
25713	2232	25404	103	0	206	278	309
25797	2242	25717	79	0	1	1	80
25797	2240	25700	96	0	1	0	97
25860	2206	25034	32	0	794	0	826
25884	2250	25852	31	0	1	0	32
25884	2249	25847	36	0	1	0	37
25902	2238	25650	72	0	180	0	252
25973	1016	8944	185	0	16844	998	17029
26037	2260	25960	76	0	1	0	77
26037	2259	25947	89	0	1	0	90
26234	2275	26151	76	0	7	0	83
26414	404	2015	192	0	24207	72	24399
26466	2194	24944	22	0	1500	296	1522
26646	836	6791	159	0	19696	178	19855
27121	2305	27041	76	0	4	0	80
27205	2308	27097	101	0	7	33	108
27226	575	3873	186	0	23167	22	23353
27271	1764	18242	92	0	8937	163	9029
27368	1492	15012	163	0	12193	94	12356
27435	1823	19165	150	0	8120	1838	8270
27570	1399	13625	80	0	13865	105	13945
27647	1035	9181	182	0	18284	236	18466
27786	584	4007	191	0	23588	372	23779
27998	2074	23136	60	0	4802	102	4862
28033	819	6662	197	0	21174	189	21371
28651	2348	28522	24	0	105	64	129
28730	2359	28644	85	0	1	0	86
28730	2358	28642	87	0	1	0	88
28836	1475	14843	149	0	13844	990	13993
29196	1144	10502	158	0	18536	256	18694
29223	2376	29153	69	0	1	0	70
29223	2375	29126	93	0	4	0	97
29336	2016	22050	140	0	7146	862	7286
29339	2386	29305	33	0	1	0	34
29339	2384	29303	35	0	1	0	36
29459	2395	29441	17	0	1	0	18
29459	2393	29438	20	0	1	0	21
29520	2398	29486	33	0	1	1	34
29520	2397	29482	37	0	1	0	38
29617	1166	10722	158	0	18737	243	18895
29685	2405	29600	81	0	4	0	85
29685	2404	29591	90	0	4	0	94
29755	1361	13145	153	0	16457	160	16610
30488	1997	21809	75	0	8604	595	8679
30488	1862	19871	81	0	10536	406	10617
30528	2432	30178	97	0	253	239	350
30537	1702	17616	145	0	12776	33	12921
30537	1537	15520	148	0	14869	735	15017
30541	1615	16343	35	0	14163	505	14198
30548	2444	30530	17	0	1	0	18
30548	2443	30522	25	0	1	0	26
30548	2441	30514	33	0	1	0	34
30636	2322	27513	45	0	3078	1481	3123
30855	1735	17934	146	0	12775	51	12921
30911	2453	30737	30	0	144	0	174
31004	2278	26263	31	0	4710	237	4741
31022	2458	30943	18	0	61	0	79
31176	2464	31120	55	0	1	52	56
31176	2463	31115	60	0	1	0	61
31394	2473	31385	8	0	1	0	9
31394	2472	31372	21	0	1	0	22
31458	2467	31293	93	0	72	0	165
31827	2481	31782	44	0	1	0	45
31827	2480	31777	49	0	1	0	50
31969	1008	8891	184	0	22894	50	23078
32097	1179	10852	185	0	21060	102	21245
32233	497	2974	83	0	29176	481	29259
32269	2489	32248	20	0	1	0	21
32269	2488	32246	22	0	1	0	23
32358	896	7532	180	0	24646	821	24826
32434	1515	15168	114	0	17152	415	17266
32482	2486	32212	43	0	227	0	270
32593	1465	14624	153	0	17816	279	17969
33025	1695	17458	143	0	15424	532	15567
33052	1722	17809	30	0	15213	864	15243
33075	1704	17632	30	0	15413	209	15443
33244	1616	16349	31	0	16864	495	16895
33377	1553	15769	148	0	17460	54	17608
33386	1251	11870	152	0	21364	330	21516
33637	2501	33079	18	0	540	236	558
33952	1544	15584	125	0	18243	723	18368
34470	2514	34375	94	0	1	0	95
34470	2513	34374	95	0	1	0	96
34656	2520	34649	3	0	4	0	7
34718	2517	34603	92	0	23	0	115
34718	2515	34398	93	0	227	66	320
35010	1226	11530	85	0	23395	225	23480
35176	1153	10605	134	0	24437	97	24571
35241	2526	35185	52	0	4	0	56
35241	2525	35174	63	0	4	0	67
35521	1092	9829	85	0	25607	95	25692
35525	1142	10422	168	0	24935	88	25103
35543	2530	35524	18	0	1	0	19
35543	2528	35484	58	0	1	0	59
35683	2535	35654	25	0	4	0	29
35683	2534	35653	26	0	4	0	30
36131	1109	10074	136	0	25921	299	26057
36132	1002	8844	3	0	27285	308	27288
36561	867	7120	134	0	29307	120	29441
36565	2541	36527	37	0	1	36	38
36565	2540	36518	46	0	1	0	47
36803	1108	10054	162	0	26587	50	26749
36828	987	8713	34	0	28081	582	28115
36828	831	6757	51	0	30020	1122	30071
36830	892	7508	159	0	29163	708	29322
36854	2544	36802	48	0	4	33	52
36854	880	7302	42	0	29510	391	29552
36875	770	5979	10	0	30886	144	30896
36876	796	6231	10	0	30635	197	30645
36903	895	7526	62	0	29315	319	29377
36972	815	6607	65	0	30300	186	30365
37042	808	6408	101	0	30533	83	30634
37239	595	4100	95	0	33044	275	33139
37241	702	5319	44	0	31878	930	31922
37241	619	4336	59	0	32846	37	32905
37263	2550	37214	48	0	1	1	49
37295	633	4587	171	0	32537	90	32708
37323	781	6113	129	0	31081	235	31210
37332	537	3372	91	0	33869	71	33960
37332	536	3369	94	0	33869	72	33963
37441	670	4925	108	0	32408	34	32516
37508	641	4653	96	0	32759	30	32855
37561	2554	37453	41	0	67	73	108
37575	2557	37543	28	0	4	11	32
37575	2556	37538	33	0	4	31	37
37588	868	7153	25	0	30410	85	30435
37598	2560	37577	17	0	4	0	21
37658	723	5466	128	0	32064	160	32192
37659	538	3395	134	0	34130	72	34264
37679	2564	37657	18	0	4	0	22
37679	2563	37656	19	0	4	0	23
37770	415	2079	111	0	35580	36	35691
37771	283	498	8	0	37265	445	37273
37851	348	1346	117	0	36388	150	36505
37865	535	3362	134	0	34369	107	34503
37865	398	1973	144	0	35748	58	35892
37872	392	1883	135	0	35854	190	35989
37876	517	3225	100	0	34551	34	34651


Processes: 2564
Avg WT = 9181,	Avg RT = 244,	Avg TRT = 9291
% Of Process Completed Before Deadline = 0
Migration %: 1652	RTF = 2,	MaxW = 97
Work Steal %: 1554
Forked Process: 90%
Killed Process: 20%


Processors:8 [3 FCFS, 1 SJF, 1 RR, 3 EDF ]
Processors Load 
P1 = 7.51151 %, P2 = 7.80266 %, P3 = 7.57186 %, P4 = 12.8065 %, P5 = 9.47506 %, P6 = 12.7945 %, P7 = 12.8033 %, P8 = 12.8566 %, 


Processors Utiliz 
P1 = 57 %, P2 = 60 %, P3 = 58 %, P4 = 98 %, P5 = 73 %, P6 = 98 %, P7 = 98 %, P8 = 98 %, 
Avg utilization = 80 %